IID	Group	Sex	Date	Pop	NumSNPs	North	Jomon	South
Ne30_genotyping_noUDG	GROUP1	M	9896	China_AmurRiver_EarlyN	590693	0.422097	0.118422	0.459481
Ne61_genotyping_noUDG	GROUP1	U	3421	China_AmurRiver_BA	590361	0.420917	0.116942	0.462142
Ne35_genotyping_noUDG	GROUP1	F	8990	China_AmurRiver_EarlyN	590571	0.409479	0.128278	0.462243
HG00759.SG	CDX.SG	F	0	CDX.SG	1146818	0.114666	0.000010	0.885324
HG00766.SG	CDX.SG	F	0	CDX.SG	1146634	0.087736	0.000010	0.912254
HG00844.SG	CDX.SG	M	0	CDX.SG	1147702	0.063038	0.000010	0.936952
HG00851.SG	CDX.SG	F	0	CDX.SG	1148771	0.076239	0.000010	0.923751
HG00864.SG	CDX.SG	F	0	CDX.SG	1055446	0.115895	0.016397	0.867708
HG00867.SG	CDX.SG	F	0	CDX.SG	1144520	0.108789	0.000010	0.891201
HG00879.SG	CDX.SG	F	0	CDX.SG	1052407	0.108355	0.000010	0.891635
HG00881.SG	CDX.SG	M	0	CDX.SG	1145398	0.086082	0.000010	0.913908
HG00956.SG	CDX.SG	F	0	CDX.SG	1143429	0.140518	0.000010	0.859472
HG00978.SG	CDX.SG	F	0	CDX.SG	1140115	0.146234	0.000010	0.853756
HG00982.SG	CDX.SG	M	0	CDX.SG	1141320	0.089044	0.000010	0.910946
HG01028.SG	CDX.SG	M	0	CDX.SG	1141006	0.096866	0.000010	0.903124
HG01029.SG	CDX.SG	F	0	CDX.SG	1141860	0.078778	0.000010	0.921212
HG01031.SG	CDX.SG	M	0	CDX.SG	1116217	0.079653	0.000010	0.920337
HG01046.SG	CDX.SG	F	0	CDX.SG	1139033	0.079877	0.000010	0.920113
HG01794.SG	CDX.SG	F	0	CDX.SG	1128288	0.082177	0.000010	0.917813
HG01795.SG	CDX.SG	F	0	CDX.SG	1144854	0.099205	0.008091	0.892704
HG01796.SG	CDX.SG	F	0	CDX.SG	1142952	0.058796	0.000010	0.941194
HG01797.SG	CDX.SG	F	0	CDX.SG	1145927	0.041066	0.005549	0.953386
HG01798.SG	CDX.SG	F	0	CDX.SG	1142627	0.417918	0.000010	0.582072
HG01799.SG	CDX.SG	F	0	CDX.SG	1144499	0.058932	0.000010	0.941058
HG01800.SG	CDX.SG	F	0	CDX.SG	1144421	0.132994	0.000010	0.866996
HG01801.SG	CDX.SG	F	0	CDX.SG	1144523	0.090159	0.000010	0.909831
HG01802.SG	CDX.SG	F	0	CDX.SG	1143533	0.167584	0.000010	0.832406
HG01804.SG	CDX.SG	F	0	CDX.SG	1138054	0.253663	0.021528	0.724809
HG01805.SG	CDX.SG	F	0	CDX.SG	1142424	0.095688	0.001060	0.903251
HG01806.SG	CDX.SG	F	0	CDX.SG	1142611	0.068515	0.000010	0.931475
HG01807.SG	CDX.SG	F	0	CDX.SG	1145266	0.053881	0.003555	0.942565
HG01808.SG	CDX.SG	F	0	CDX.SG	1139856	0.114102	0.002994	0.882904
HG01809.SG	CDX.SG	F	0	CDX.SG	1140330	0.047956	0.000010	0.952034
HG01810.SG	CDX.SG	M	0	CDX.SG	1142855	0.087341	0.000010	0.912649
HG01811.SG	CDX.SG	M	0	CDX.SG	1144993	0.048430	0.000010	0.951560
HG01812.SG	CDX.SG	F	0	CDX.SG	1143221	0.080557	0.000010	0.919433
HG01813.SG	CDX.SG	F	0	CDX.SG	1144652	0.122883	0.000459	0.876659
HG01815.SG	CDX.SG	F	0	CDX.SG	1143201	0.080376	0.004148	0.915476
HG01816.SG	CDX.SG	M	0	CDX.SG	1138516	0.064722	0.002990	0.932288
HG01817.SG	CDX.SG	F	0	CDX.SG	1143906	0.069027	0.000010	0.930963
HG02151.SG	CDX.SG	F	0	CDX.SG	1143896	0.038873	0.005522	0.955605
HG02152.SG	CDX.SG	F	0	CDX.SG	1097962	0.023291	0.001697	0.975012
HG02153.SG	CDX.SG	F	0	CDX.SG	1100794	0.075344	0.002515	0.922141
HG02154.SG	CDX.SG	F	0	CDX.SG	1124646	0.076480	0.000010	0.923510
HG02155.SG	CDX.SG	F	0	CDX.SG	1123268	0.082400	0.000010	0.917590
HG02156.SG	CDX.SG	F	0	CDX.SG	1112527	0.030830	0.014491	0.954679
HG02164.SG	CDX.SG	F	0	CDX.SG	1111320	0.102493	0.012857	0.884650
HG02165.SG	CDX.SG	F	0	CDX.SG	1111811	0.114463	0.000010	0.885527
HG02166.SG	CDX.SG	F	0	CDX.SG	1116603	0.052461	0.000010	0.947529
HG02178.SG	CDX.SG	F	0	CDX.SG	1116901	0.034577	0.000010	0.965413
HG02179.SG	CDX.SG	F	0	CDX.SG	1116987	0.081957	0.000010	0.918033
HG02180.SG	CDX.SG	F	0	CDX.SG	1119350	0.092118	0.000010	0.907872
HG02181.SG	CDX.SG	F	0	CDX.SG	1131002	0.051261	0.000010	0.948729
HG02182.SG	CDX.SG	F	0	CDX.SG	1114943	0.079435	0.000010	0.920555
HG02184.SG	CDX.SG	F	0	CDX.SG	1110450	0.070702	0.000010	0.929288
HG02185.SG	CDX.SG	F	0	CDX.SG	1124586	0.092368	0.000872	0.906761
HG02186.SG	CDX.SG	F	0	CDX.SG	1126774	0.102524	0.007503	0.889973
HG02187.SG	CDX.SG	F	0	CDX.SG	1102318	0.050400	0.000010	0.949590
HG02188.SG	CDX.SG	F	0	CDX.SG	1082989	0.043500	0.000010	0.956490
HG02190.SG	CDX.SG	F	0	CDX.SG	1127636	0.089569	0.005670	0.904761
HG02250.SG	CDX.SG	M	0	CDX.SG	1145850	0.078948	0.001391	0.919661
HG02351.SG	CDX.SG	M	0	CDX.SG	1136917	0.076304	0.010625	0.913071
HG02353.SG	CDX.SG	M	0	CDX.SG	1144390	0.030863	0.000010	0.969127
HG02355.SG	CDX.SG	M	0	CDX.SG	1139006	0.088704	0.000010	0.911286
HG02356.SG	CDX.SG	M	0	CDX.SG	1145069	0.046003	0.000010	0.953987
HG02360.SG	CDX.SG	M	0	CDX.SG	1145107	0.109857	0.009538	0.880606
HG02363.SG	CDX.SG	M	0	CDX.SG	1144214	0.033603	0.000010	0.966387
HG02364.SG	CDX.SG	M	0	CDX.SG	1141573	0.036228	0.004053	0.959718
HG02367.SG	CDX.SG	M	0	CDX.SG	1142396	0.050731	0.000010	0.949259
HG02371.SG	CDX.SG	M	0	CDX.SG	1137040	0.000010	0.000010	0.999980
HG02372.SG	CDX.SG	M	0	CDX.SG	1117667	0.000010	0.000010	0.999980
HG02373.SG	CDX.SG	M	0	CDX.SG	1145502	0.006507	0.000010	0.993483
HG02374.SG	CDX.SG	M	0	CDX.SG	1144528	0.082664	0.000010	0.917326
HG02375.SG	CDX.SG	M	0	CDX.SG	1144144	0.000010	0.000010	0.999980
HG02377.SG	CDX.SG	M	0	CDX.SG	1139577	0.130741	0.001733	0.867527
HG02379.SG	CDX.SG	M	0	CDX.SG	1145452	0.041275	0.005744	0.952982
HG02380.SG	CDX.SG	M	0	CDX.SG	1144071	0.053373	0.000010	0.946617
HG02381.SG	CDX.SG	M	0	CDX.SG	1144828	0.024678	0.000010	0.975312
HG02382.SG	CDX.SG	M	0	CDX.SG	1142798	0.068754	0.008155	0.923091
HG02383.SG	CDX.SG	M	0	CDX.SG	1145620	0.024601	0.000306	0.975092
HG02384.SG	CDX.SG	M	0	CDX.SG	1142010	0.040412	0.000010	0.959578
HG02385.SG	CDX.SG	M	0	CDX.SG	1124798	0.020464	0.003295	0.976241
HG02386.SG	CDX.SG	M	0	CDX.SG	1142965	0.104151	0.010364	0.885485
HG02387.SG	CDX.SG	M	0	CDX.SG	1137718	0.130145	0.000010	0.869845
HG02388.SG	CDX.SG	M	0	CDX.SG	1145541	0.000010	0.000010	0.999980
HG02389.SG	CDX.SG	M	0	CDX.SG	1138456	0.071136	0.000010	0.928854
HG02390.SG	CDX.SG	M	0	CDX.SG	1144731	0.053102	0.000010	0.946888
HG02391.SG	CDX.SG	M	0	CDX.SG	1143081	0.068802	0.000010	0.931188
HG02392.SG	CDX.SG	M	0	CDX.SG	1144198	0.072685	0.000010	0.927305
HG02394.SG	CDX.SG	M	0	CDX.SG	1141291	0.063671	0.000277	0.936052
HG02395.SG	CDX.SG	M	0	CDX.SG	1141985	0.067942	0.000010	0.932048
HG02396.SG	CDX.SG	M	0	CDX.SG	1138243	0.049555	0.000010	0.950435
HG02397.SG	CDX.SG	M	0	CDX.SG	1120678	0.082720	0.010472	0.906808
HG02398.SG	CDX.SG	M	0	CDX.SG	1146442	0.088735	0.000010	0.911255
HG02399.SG	CDX.SG	M	0	CDX.SG	1140820	0.060864	0.000010	0.939126
HG02401.SG	CDX.SG	M	0	CDX.SG	1141833	0.091708	0.000786	0.907506
HG02402.SG	CDX.SG	M	0	CDX.SG	1139952	0.052760	0.002363	0.944877
HG02406.SG	CDX.SG	M	0	CDX.SG	1144632	0.080611	0.000583	0.918807
HG02407.SG	CDX.SG	M	0	CDX.SG	1141712	0.085296	0.000010	0.914694
HG02408.SG	CDX.SG	M	0	CDX.SG	1147729	0.018899	0.001539	0.979563
HG02409.SG	CDX.SG	M	0	CDX.SG	1142606	0.065250	0.000010	0.934740
HG02410.SG	CDX.SG	M	0	CDX.SG	1149521	0.044555	0.015978	0.939467
NA18525.SG	CHB.SG	F	0	CHB.SG	1148222	0.564888	0.000010	0.435102
NA18526.SG	CHB.SG	F	0	CHB.SG	1144888	0.483766	0.000010	0.516224
NA18528.SG	CHB.SG	F	0	CHB.SG	1145029	0.718954	0.000010	0.281036
NA18530.SG	CHB.SG	M	0	CHB.SG	1011343	0.750962	0.000010	0.249028
NA18531.SG	CHB.SG	F	0	CHB.SG	1144158	0.700959	0.000010	0.299031
NA18532.SG	CHB.SG	F	0	CHB.SG	1146074	0.591807	0.000010	0.408183
NA18533.SG	CHB.SG	F	0	CHB.SG	1143295	0.472959	0.000010	0.527031
NA18534.SG	CHB.SG	M	0	CHB.SG	1033412	0.685628	0.000010	0.314362
NA18535.SG	CHB.SG	F	0	CHB.SG	1123505	0.695804	0.000010	0.304186
NA18536.SG	CHB.SG	M	0	CHB.SG	1146954	0.505440	0.000010	0.494550
NA18537.SG	CHB.SG	F	0	CHB.SG	1006056	0.639396	0.000010	0.360594
NA18538.SG	CHB.SG	F	0	CHB.SG	1122913	0.728832	0.000010	0.271158
NA18539.SG	CHB.SG	F	0	CHB.SG	1031992	0.813630	0.000010	0.186360
NA18541.SG	CHB.SG	F	0	CHB.SG	1121738	0.703620	0.000010	0.296370
NA18542.SG	CHB.SG	F	0	CHB.SG	1146912	0.694103	0.000010	0.305887
NA18543.SG	CHB.SG	M	0	CHB.SG	1147514	0.438625	0.000010	0.561365
NA18544.SG	CHB.SG	M	0	CHB.SG	1139821	0.692855	0.000010	0.307135
NA18545.SG	CHB.SG	F	0	CHB.SG	1120660	0.467859	0.000010	0.532131
NA18546.SG	CHB.SG	M	0	CHB.SG	1146398	0.709999	0.000010	0.289991
NA18547.SG	CHB.SG	F	0	CHB.SG	1143253	0.689907	0.000010	0.310083
NA18548.SG	CHB.SG	M	0	CHB.SG	1135652	0.698985	0.000010	0.301005
NA18549.SG	CHB.SG	M	0	CHB.SG	1143553	0.490891	0.000010	0.509099
NA18550.SG	CHB.SG	F	0	CHB.SG	1139607	0.303289	0.000010	0.696701
NA18552.SG	CHB.SG	F	0	CHB.SG	1132923	0.562242	0.000010	0.437748
NA18553.SG	CHB.SG	F	0	CHB.SG	1135099	0.693190	0.000051	0.306758
NA18555.SG	CHB.SG	F	0	CHB.SG	1136619	0.529009	0.000572	0.470419
NA18557.SG	CHB.SG	M	0	CHB.SG	1144059	0.728874	0.002901	0.268224
NA18558.SG	CHB.SG	M	0	CHB.SG	1145805	0.698807	0.000010	0.301183
NA18559.SG	CHB.SG	M	0	CHB.SG	1138716	0.606468	0.000010	0.393522
NA18560.SG	CHB.SG	F	0	CHB.SG	1121960	0.502982	0.000010	0.497008
NA18561.SG	CHB.SG	M	0	CHB.SG	1136111	0.688201	0.000010	0.311789
NA18562.SG	CHB.SG	M	0	CHB.SG	1130815	0.694860	0.000010	0.305130
NA18563.SG	CHB.SG	M	0	CHB.SG	1142175	0.739330	0.000010	0.260660
NA18564.SG	CHB.SG	F	0	CHB.SG	1147747	0.713114	0.000010	0.286876
NA18565.SG	CHB.SG	F	0	CHB.SG	1119597	0.474932	0.000010	0.525058
NA18566.SG	CHB.SG	F	0	CHB.SG	1138945	0.705105	0.000010	0.294885
NA18567.SG	CHB.SG	F	0	CHB.SG	1128313	0.697661	0.000010	0.302329
NA18570.SG	CHB.SG	F	0	CHB.SG	1144974	0.513325	0.000010	0.486665
NA18571.SG	CHB.SG	F	0	CHB.SG	1134062	0.466647	0.000543	0.532810
NA18572.SG	CHB.SG	M	0	CHB.SG	1042709	0.742200	0.000010	0.257790
NA18573.SG	CHB.SG	F	0	CHB.SG	1143727	0.483294	0.000010	0.516696
NA18574.SG	CHB.SG	F	0	CHB.SG	1095008	0.778753	0.000010	0.221237
NA18577.SG	CHB.SG	F	0	CHB.SG	1147633	0.612070	0.000010	0.387920
NA18579.SG	CHB.SG	F	0	CHB.SG	1147080	0.690448	0.000010	0.309542
NA18582.SG	CHB.SG	F	0	CHB.SG	1145693	0.493924	0.000010	0.506066
NA18591.SG	CHB.SG	F	0	CHB.SG	1131195	0.496539	0.000010	0.503451
NA18592.SG	CHB.SG	F	0	CHB.SG	1143452	0.688563	0.000010	0.311427
NA18593.SG	CHB.SG	F	0	CHB.SG	1143736	0.641890	0.000010	0.358100
NA18595.SG	CHB.SG	F	0	CHB.SG	1146286	0.712605	0.000010	0.287385
NA18596.SG	CHB.SG	F	0	CHB.SG	1144895	0.716753	0.000010	0.283237
NA18597.SG	CHB.SG	F	0	CHB.SG	1146689	0.680327	0.000010	0.319663
NA18599.SG	CHB.SG	F	0	CHB.SG	1147106	0.715753	0.000010	0.284237
NA18602.SG	CHB.SG	F	0	CHB.SG	1008565	0.720855	0.000010	0.279135
NA18603.SG	CHB.SG	M	0	CHB.SG	1148347	0.545426	0.000010	0.454564
NA18605.SG	CHB.SG	M	0	CHB.SG	1147208	0.680660	0.000010	0.319330
NA18606.SG	CHB.SG	M	0	CHB.SG	1145580	0.462500	0.000010	0.537490
NA18608.SG	CHB.SG	M	0	CHB.SG	1147166	0.711131	0.000010	0.288859
NA18609.SG	CHB.SG	M	0	CHB.SG	994779	0.692978	0.000010	0.307012
NA18610.SG	CHB.SG	F	0	CHB.SG	1136964	0.651229	0.000010	0.348761
NA18611.SG	CHB.SG	M	0	CHB.SG	1067390	0.764615	0.000010	0.235375
NA18612.SG	CHB.SG	M	0	CHB.SG	1144878	0.724334	0.001019	0.274647
NA18613.SG	CHB.SG	M	0	CHB.SG	983074	0.729421	0.000010	0.270569
NA18614.SG	CHB.SG	F	0	CHB.SG	1147603	0.619176	0.000010	0.380814
NA18615.SG	CHB.SG	F	0	CHB.SG	1073318	0.806422	0.000010	0.193568
NA18616.SG	CHB.SG	F	0	CHB.SG	1113693	0.595770	0.000010	0.404220
NA18617.SG	CHB.SG	F	0	CHB.SG	1131791	0.559963	0.000010	0.440027
NA18618.SG	CHB.SG	F	0	CHB.SG	981456	0.770267	0.000010	0.229723
NA18619.SG	CHB.SG	F	0	CHB.SG	1030601	0.744984	0.000010	0.255006
NA18620.SG	CHB.SG	M	0	CHB.SG	1133556	0.717438	0.000010	0.282552
NA18621.SG	CHB.SG	M	0	CHB.SG	1144546	0.735916	0.000010	0.264074
NA18622.SG	CHB.SG	M	0	CHB.SG	1148531	0.610054	0.000010	0.389936
NA18623.SG	CHB.SG	M	0	CHB.SG	1149232	0.715280	0.000010	0.284710
NA18624.SG	CHB.SG	M	0	CHB.SG	1147293	0.713480	0.000010	0.286510
NA18625.SG	CHB.SG	F	0	CHB.SG	1136557	0.654030	0.000010	0.345960
NA18626.SG	CHB.SG	F	0	CHB.SG	1148432	0.688717	0.002693	0.308589
NA18627.SG	CHB.SG	F	0	CHB.SG	1147428	0.485527	0.000010	0.514463
NA18628.SG	CHB.SG	F	0	CHB.SG	1113218	0.390956	0.000010	0.609034
NA18629.SG	CHB.SG	M	0	CHB.SG	1131030	0.561631	0.000010	0.438359
NA18630.SG	CHB.SG	F	0	CHB.SG	958116	0.520660	0.000010	0.479330
NA18631.SG	CHB.SG	F	0	CHB.SG	1037470	0.698279	0.000010	0.301711
NA18632.SG	CHB.SG	M	0	CHB.SG	1147248	0.506041	0.000010	0.493949
NA18633.SG	CHB.SG	M	0	CHB.SG	1147331	0.641462	0.000010	0.358528
NA18634.SG	CHB.SG	F	0	CHB.SG	1097682	0.546525	0.000010	0.453465
NA18635.SG	CHB.SG	M	0	CHB.SG	1139485	0.737734	0.000010	0.262256
NA18636.SG	CHB.SG	M	0	CHB.SG	1147952	0.410848	0.000010	0.589142
NA18637.SG	CHB.SG	M	0	CHB.SG	1147222	0.544266	0.000010	0.455724
NA18638.SG	CHB.SG	M	0	CHB.SG	1145715	0.527930	0.000010	0.472060
NA18639.SG	CHB.SG	M	0	CHB.SG	1107869	0.450874	0.000010	0.549116
NA18640.SG	CHB.SG	F	0	CHB.SG	1143333	0.665941	0.000010	0.334049
NA18641.SG	CHB.SG	F	0	CHB.SG	1146452	0.624281	0.000010	0.375709
NA18642.SG	CHB.SG	F	0	CHB.SG	1102045	0.685742	0.000010	0.314248
NA18643.SG	CHB.SG	M	0	CHB.SG	1126787	0.687762	0.000010	0.312228
NA18644.SG	CHB.SG	F	0	CHB.SG	1113440	0.550117	0.000010	0.449873
NA18645.SG	CHB.SG	M	0	CHB.SG	1135983	0.529752	0.000010	0.470238
NA18646.SG	CHB.SG	F	0	CHB.SG	1133478	0.690951	0.000010	0.309039
NA18647.SG	CHB.SG	M	0	CHB.SG	1146192	0.682235	0.002454	0.315311
NA18648.SG	CHB.SG	M	0	CHB.SG	1110787	0.678272	0.000010	0.321718
NA18740.SG	CHB.SG	M	0	CHB.SG	1146443	0.388781	0.000010	0.611209
NA18745.SG	CHB.SG	M	0	CHB.SG	1119101	0.687165	0.000010	0.312825
NA18747.SG	CHB.SG	M	0	CHB.SG	1139897	0.538285	0.000010	0.461705
NA18748.SG	CHB.SG	M	0	CHB.SG	1136084	0.511541	0.000010	0.488449
NA18749.SG	CHB.SG	M	0	CHB.SG	1145406	0.683854	0.000010	0.316136
NA18757.SG	CHB.SG	M	0	CHB.SG	1131398	0.692880	0.000010	0.307110
NE45_noUDG	GROUP1	M	9241	China_AmurRiver_EarlyN	109162	0.807825	0.061892	0.130283
NE1_noUDG	GROUP1	F	12650	China_AmurRiver_LPaleolithic	73261	0.796448	0.132217	0.071335
NE34_noUDG	GROUP1	M	14521	China_AmurRiver_LPaleolithic	502532	0.753892	0.130125	0.115984
NE5_noUDG	GROUP1	M	14174	China_AmurRiver_LPaleolithic	454824	0.808234	0.113851	0.077915
NE56_noUDG	GROUP1	M	19427	China_AmurRiver_LPaleolithic	685365	0.549923	0.137463	0.312614
NE36_noUDG	GROUP1	U	10673	China_AmurRiver_Mesolithic_lc	7026	0.915446	0.084544	0.000010
NE57	GROUP1	M	11026	China_AmurRiver_Mesolithic_lc	9729	0.582293	0.105546	0.312161
NE16_noUDG	GROUP1	F	8564	China_AmurRiver_N	177431	0.892291	0.102974	0.004735
NE19_noUDG	GROUP1	M	7039	China_AmurRiver_N	532737	0.853647	0.098179	0.048174
NE2_noUDG	GROUP1	M	6321	China_AmurRiver_N	287639	0.842071	0.116217	0.041712
NE22_noUDG	GROUP1	M	6838	China_AmurRiver_N	147392	0.854039	0.097819	0.048142
NE29_noUDG	GROUP1	F	6877	China_AmurRiver_N	561435	0.896277	0.090624	0.013099
NE39_noUDG	GROUP1	M	8196	China_AmurRiver_N	510532	0.869989	0.073581	0.056430
NE49_noUDG	GROUP1	F	8368	China_AmurRiver_N	156282	0.891587	0.093232	0.015182
NE58	GROUP1	M	7308	China_AmurRiver_N	29523	0.768734	0.089931	0.141336
NE9_noUDG	GROUP1	F	6331	China_AmurRiver_N	594883	0.850152	0.116998	0.032850
NE20_noUDG	GROUP1	F	33592	China_AmurRiver_Paleolithic	942614	0.271900	0.225119	0.502982
MZGM10-1_noUDG	GROUP1	M	5250	China_Miaozigou_MN	199184	0.776874	0.015816	0.207310
MZGM16_noUDG	GROUP1	M	5250	China_Miaozigou_MN	74830	0.813550	0.010212	0.176238
MZGM25-2_noUDG	GROUP1	F	5250	China_Miaozigou_MN	43862	0.813243	0.029372	0.157386
Bianbian_noUDG	GROUP1	M	9709	China_NEastAsia_Coastal_EN	632956	0.730751	0.060407	0.208843
BS	GROUP1	M	9125	China_NEastAsia_Coastal_EN	999618	0.824188	0.048679	0.127133
XJS1309_M4_noUDG	GROUP1	M	7827	China_NEastAsia_Coastal_EN	324644	0.779933	0.092292	0.127774
XJS1311_M16_noUDG	GROUP1	F	7850	China_NEastAsia_Coastal_EN	327720	0.728495	0.110374	0.161132
Xiaogao_noUDG	GROUP1	F	7827	China_NEastAsia_Coastal_EN_o	875108	0.773402	0.121189	0.105410
XJS1309_M7_noUDG	GROUP1	F	7814	China_NEastAsia_Coastal_EN_o_1d.rel.XJS1309_M4	155055	0.815985	0.078715	0.105300
Qihe2_noUDG_d	GROUP2	F	8392	China_SEastAsia_Coastal_EN	257352	0.000010	0.192754	0.807236
L5700_noUDG	GROUP2	F	4477	China_SEastAsia_Coastal_LN	243839	0.010894	0.120055	0.869051
L5701_noUDG_d	GROUP2	M	4325	China_SEastAsia_Coastal_LN	32031	0.007299	0.126000	0.866701
L5704_noUDG_d	GROUP2	M	4505	China_SEastAsia_Coastal_LN	31912	0.000010	0.136535	0.863455
L5705_noUDG	GROUP2	F	4333	China_SEastAsia_Coastal_LN	360919	0.000010	0.134466	0.865524
L5706_noUDG_d	GROUP2	M	4459	China_SEastAsia_Coastal_LN	31736	0.000010	0.128784	0.871206
L7415_noUDG	GROUP2	M	4333	China_SEastAsia_Coastal_LN	261751	0.000010	0.129458	0.870532
L7417_noUDG_d	GROUP2	F	4472	China_SEastAsia_Coastal_LN	95708	0.000010	0.137599	0.862391
L5692_noUDG_d	GROUP2	M	4477	China_SEastAsia_Coastal_LN_lc	10476	0.000010	0.087980	0.912010
L5696_noUDG_d	GROUP2	M	4350	China_SEastAsia_Coastal_LN_lc	13340	0.000010	0.154241	0.845749
L5698_noUDG_d	GROUP2	F	4287	China_SEastAsia_Coastal_LN_lc	13988	0.000010	0.073327	0.926663
L5703_noUDG_d	GROUP2	M	4571	China_SEastAsia_Coastal_LN_lc	12161	0.000010	0.175275	0.824715
LD1	GROUP2	M	8190	China_SEastAsia_Island_EN	830585	0.026491	0.130790	0.842719
LD2	GROUP2	F	7575	China_SEastAsia_Island_EN	743701	0.000010	0.128623	0.871367
SuogangB1_noUDG_d	GROUP2	M	4550	China_SEastAsia_Island_LN	32881	0.000010	0.120377	0.879613
SuogangB3_noUDG_d	GROUP2	M	4550	China_SEastAsia_Island_LN	19753	0.000010	0.138435	0.861555
SM-SGDLM27_noUDG	GROUP1	M	4050	China_Shimao_LN	889593	0.752178	0.018828	0.228994
SM-SGDLM6_noUDG	GROUP1	M	4589	China_Shimao_LN	1069589	0.801935	0.021395	0.176670
SM-SGDLM7X_noUDG	GROUP1	F	4050	China_Shimao_LN	17610	0.731760	0.033934	0.234306
Tianyuan	GROUP1	M	39565	China_Tianyuan	885079	0.275592	0.187878	0.536530
DCZM17IV_noUDG	GROUP1	F	1850	China_Upper_YR_IA	467346	0.619344	0.000232	0.380424
DCZ-M21II_noUDG	GROUP1	M	1763	China_Upper_YR_IA	583643	0.705414	0.020907	0.273679
DCZ-M22IV_noUDG	GROUP1	F	1850	China_Upper_YR_IA	840330	0.699182	0.023621	0.277197
JCKM1-1_noUDG	GROUP1	M	4296	China_Upper_YR_LN	578345	0.810777	0.020992	0.168232
LJM2_noUDG	GROUP1	F	3900	China_Upper_YR_LN	593748	0.789625	0.030408	0.179967
LJM3_noUDG	GROUP1	M	4479	China_Upper_YR_LN	790176	0.837322	0.017559	0.145120
LJM4_noUDG	GROUP1	F	3900	China_Upper_YR_LN	26885	0.716277	0.009983	0.273741
LJM5_noUDG	GROUP1	M	3900	China_Upper_YR_LN_father.or.son.LJM3	567369	0.821957	0.022922	0.155121
LJM14_noUDG	GROUP1	M	3900	China_Upper_YR_LN_o	665999	0.769582	0.055365	0.175053
LJM25_noUDG	GROUP1	M	3900	China_Upper_YR_LN_o	41385	0.777810	0.000010	0.222180
91KLH11_noUDG	GROUP1	F	2650	China_WLR_BA	304491	0.658647	0.049434	0.291919
91KLH18_noUDG	GROUP1	M	2812	China_WLR_BA	335516	0.758168	0.013669	0.228163
EDM139_noUDG	GROUP1	F	3750	China_WLR_LN	414304	0.623079	0.037188	0.339733
EDM176_noUDG	GROUP1	M	3750	China_WLR_LN	788257	0.718165	0.032973	0.248861
EDM124_noUDG	GROUP1	M	3544	China_WLR_LN_o	135182	0.689307	0.025854	0.284839
BLSM27S_noUDG	GROUP1	F	5250	China_WLR_MN	1103573	0.916437	0.062503	0.021060
BLSM41_noUDG	GROUP1	M	5250	China_WLR_MN	35128	0.906843	0.063364	0.029793
BLSM45_noUDG	GROUP1	F	5162	China_WLR_MN_o	691505	0.820591	0.042352	0.137057
S95_noUDG.EC	GROUP1	M	5050	China_Wuzhuangguoliang_LN_1d.rel.S97.EC	21891	0.845547	0.000010	0.154443
18R21265_noUDG.EC	GROUP1	M	5050	China_Wuzhuangguoliang_LN_lc.EC	10765	0.876690	0.000010	0.123300
S91_noUDG.EC	GROUP1	F	5050	China_Wuzhuangguoliang_LN_lc.EC	13853	0.728241	0.052796	0.218964
S94_noUDG.EC	GROUP1	F	5050	China_Wuzhuangguoliang_LN_lc.EC	7577	0.702852	0.042594	0.254554
S96_noUDG.EC	GROUP1	F	5050	China_Wuzhuangguoliang_LN_lc.EC	7168	0.866620	0.133370	0.000010
S120_noUDG.EC	GROUP1	M	5050	China_Wuzhuangguoliang_LN_o_lc.EC	12931	0.724047	0.052961	0.222993
18R21262_noUDG.EC	GROUP1	F	5050	China_Wuzhuangguoliang_LN.EC	25884	0.830422	0.069952	0.099626
18R21266_noUDG.EC	GROUP1	F	4785	China_Wuzhuangguoliang_LN.EC	40692	0.822458	0.023618	0.153924
S118_noUDG.EC	GROUP1	F	5050	China_Wuzhuangguoliang_LN.EC	15792	0.695645	0.047224	0.257131
S123_noUDG.EC	GROUP1	F	5050	China_Wuzhuangguoliang_LN.EC	35326	0.719469	0.051285	0.229246
S97_noUDG.EC	GROUP1	M	5050	China_Wuzhuangguoliang_LN.EC	31238	0.811650	0.022406	0.165945
HJTM115_noUDG	GROUP1	F	2225	China_YR_LBIA	835947	0.610533	0.026536	0.362931
JXNTM2_noUDG	GROUP1	M	3250	China_YR_LBIA	822949	0.679034	0.010783	0.310182
JXNTM23_noUDG	GROUP1	F	3332	China_YR_LBIA	722024	0.677505	0.026691	0.295804
LGM41_noUDG	GROUP1	M	2100	China_YR_LBIA	741410	0.661555	0.027331	0.311114
LGM79_noUDG	GROUP1	F	2250	China_YR_LBIA	782279	0.650409	0.025265	0.324325
HJTW13_noUDG	GROUP1	M	2131	China_YR_LBIA_o	24841	0.624734	0.023437	0.351828
HJTM107_noUDG	GROUP1	M	3993	China_YR_LN	590453	0.642431	0.033102	0.324467
HJTM109_noUDG	GROUP1	M	3908	China_YR_LN	451702	0.596792	0.026293	0.376914
PLTM310_noUDG	GROUP1	F	4088	China_YR_LN	919440	0.641856	0.039160	0.318984
PLTM311_noUDG	GROUP1	M	4049	China_YR_LN	1019135	0.670864	0.029317	0.299820
PLTM313_noUDG	GROUP1	F	3934	China_YR_LN	1044572	0.667892	0.032322	0.299786
WD-WT1H16_noUDG	GROUP1	M	4536	China_YR_LN	1116390	0.713151	0.021739	0.265110
WD-WT5M2_noUDG	GROUP1	F	3900	China_YR_LN	812816	0.701956	0.033608	0.264436
WGM20_noUDG	GROUP1	F	5250	China_YR_MN	59429	0.779790	0.025974	0.194236
WGM35_noUDG	GROUP1	F	5950	China_YR_MN	582549	0.790907	0.042087	0.167007
WGM43_noUDG	GROUP1	M	5250	China_YR_MN	35936	0.768332	0.042649	0.189018
WGM70_noUDG	GROUP1	F	5250	China_YR_MN	219959	0.798333	0.036458	0.165210
WGM76S_noUDG	GROUP1	F	5250	China_YR_MN	197944	0.754101	0.058429	0.187469
WGM94_noUDG	GROUP1	M	5250	China_YR_MN	410126	0.743255	0.042511	0.214235
XW-M1R18_noUDG	GROUP1	M	6927	China_YR_MN	1113674	0.706227	0.033393	0.260380
WGH35-1_noUDG	GROUP1	F	5250	China_YR_MN_o	31994	0.747449	0.038926	0.213625
HG00403.SG	CHS.SG	M	0	CHS.SG	936174	0.525261	0.000010	0.474729
HG00404.SG	CHS.SG	F	0	CHS.SG	1082707	0.525278	0.000010	0.474712
HG00406.SG	CHS.SG	M	0	CHS.SG	1134567	0.460154	0.000010	0.539836
HG00407.SG	CHS.SG	F	0	CHS.SG	1138118	0.428178	0.000010	0.571812
HG00409.SG	CHS.SG	M	0	CHS.SG	1148541	0.497499	0.000010	0.502491
HG00410.SG	CHS.SG	F	0	CHS.SG	1149084	0.477952	0.000010	0.522038
HG00419.SG	CHS.SG	F	0	CHS.SG	1146152	0.471688	0.000010	0.528302
HG00421.SG	CHS.SG	M	0	CHS.SG	1146049	0.475304	0.000010	0.524686
HG00422.SG	CHS.SG	F	0	CHS.SG	1147782	0.448052	0.000010	0.551938
HG00428.SG	CHS.SG	F	0	CHS.SG	1148139	0.460161	0.000010	0.539829
HG00436.SG	CHS.SG	M	0	CHS.SG	993809	0.531099	0.000010	0.468891
HG00437.SG	CHS.SG	F	0	CHS.SG	1148343	0.472606	0.000010	0.527384
HG00442.SG	CHS.SG	M	0	CHS.SG	1148477	0.449458	0.000010	0.550532
HG00443.SG	CHS.SG	F	0	CHS.SG	1147105	0.469945	0.000010	0.530045
HG00445.SG	CHS.SG	M	0	CHS.SG	1147009	0.482096	0.000010	0.517894
HG00446.SG	CHS.SG	F	0	CHS.SG	1147194	0.478404	0.000010	0.521586
HG00448.SG	CHS.SG	M	0	CHS.SG	1146686	0.442532	0.000010	0.557458
HG00449.SG	CHS.SG	F	0	CHS.SG	1099899	0.483120	0.000010	0.516870
HG00451.SG	CHS.SG	M	0	CHS.SG	1141801	0.482748	0.000010	0.517242
HG00452.SG	CHS.SG	F	0	CHS.SG	1142953	0.479657	0.000010	0.520333
HG00457.SG	CHS.SG	M	0	CHS.SG	1141939	0.445918	0.000010	0.554072
HG00458.SG	CHS.SG	F	0	CHS.SG	1146392	0.502030	0.000010	0.497960
HG00463.SG	CHS.SG	M	0	CHS.SG	1124211	0.445311	0.000010	0.554679
HG00464.SG	CHS.SG	F	0	CHS.SG	1130382	0.463127	0.000010	0.536863
HG00472.SG	CHS.SG	M	0	CHS.SG	1147805	0.471793	0.000010	0.528197
HG00473.SG	CHS.SG	F	0	CHS.SG	1147235	0.468723	0.000010	0.531267
HG00475.SG	CHS.SG	M	0	CHS.SG	1147069	0.501547	0.000010	0.498443
HG00476.SG	CHS.SG	F	0	CHS.SG	1144662	0.469451	0.000010	0.530539
HG00478.SG	CHS.SG	M	0	CHS.SG	1145870	0.448430	0.000010	0.551560
HG00479.SG	CHS.SG	F	0	CHS.SG	1146698	0.443822	0.000010	0.556168
HG00500.SG	CHS.SG	M	0	CHS.SG	1109971	0.506025	0.000010	0.493965
HG00501.SG	CHS.SG	F	0	CHS.SG	1118119	0.473317	0.000010	0.526673
HG00513.SG	CHS.SG	F	0	CHS.SG	1044397	0.490375	0.000010	0.509615
HG00524.SG	CHS.SG	M	0	CHS.SG	1024092	0.511170	0.000010	0.488820
HG00525.SG	CHS.SG	F	0	CHS.SG	1146904	0.501597	0.000010	0.498393
HG00533.SG	CHS.SG	M	0	CHS.SG	1117278	0.496389	0.000010	0.503601
HG00534.SG	CHS.SG	F	0	CHS.SG	1122527	0.455695	0.000010	0.544295
HG00536.SG	CHS.SG	M	0	CHS.SG	1148105	0.463850	0.000010	0.536140
HG00537.SG	CHS.SG	F	0	CHS.SG	1073837	0.521454	0.000010	0.478536
HG00542.SG	CHS.SG	M	0	CHS.SG	956390	0.546086	0.000010	0.453904
HG00543.SG	CHS.SG	F	0	CHS.SG	1148119	0.419807	0.000010	0.580183
HG00556.SG	CHS.SG	M	0	CHS.SG	1146390	0.460554	0.000010	0.539436
HG00557.SG	CHS.SG	F	0	CHS.SG	1145608	0.503497	0.000010	0.496493
HG00559.SG	CHS.SG	M	0	CHS.SG	1101306	0.546441	0.012506	0.441053
HG00560.SG	CHS.SG	F	0	CHS.SG	1080900	0.498043	0.000010	0.501947
HG00565.SG	CHS.SG	M	0	CHS.SG	1080521	0.507939	0.000010	0.492051
HG00566.SG	CHS.SG	F	0	CHS.SG	1088804	0.479117	0.000010	0.520873
HG00580.SG	CHS.SG	M	0	CHS.SG	1112159	0.517306	0.000010	0.482684
HG00581.SG	CHS.SG	F	0	CHS.SG	1123614	0.525460	0.000010	0.474530
HG00583.SG	CHS.SG	M	0	CHS.SG	1122088	0.366513	0.000010	0.633477
HG00584.SG	CHS.SG	F	0	CHS.SG	1119452	0.490739	0.000010	0.509251
HG00589.SG	CHS.SG	M	0	CHS.SG	1111629	0.493330	0.000010	0.506660
HG00590.SG	CHS.SG	F	0	CHS.SG	1076734	0.424276	0.000010	0.575714
HG00592.SG	CHS.SG	M	0	CHS.SG	1072827	0.691736	0.000010	0.308254
HG00593.SG	CHS.SG	F	0	CHS.SG	1147728	0.476038	0.000010	0.523952
HG00595.SG	CHS.SG	M	0	CHS.SG	1103904	0.489637	0.000010	0.510353
HG00596.SG	CHS.SG	F	0	CHS.SG	975645	0.548688	0.000010	0.451302
HG00598.SG	CHS.SG	M	0	CHS.SG	1148513	0.478877	0.000010	0.521113
HG00599.SG	CHS.SG	F	0	CHS.SG	1148564	0.569362	0.000187	0.430451
HG00607.SG	CHS.SG	M	0	CHS.SG	1076167	0.498623	0.000010	0.501367
HG00608.SG	CHS.SG	F	0	CHS.SG	1099661	0.457816	0.000010	0.542174
HG00610.SG	CHS.SG	M	0	CHS.SG	1031622	0.565345	0.000010	0.434645
HG00611.SG	CHS.SG	F	0	CHS.SG	1009331	0.576101	0.000010	0.423889
HG00613.SG	CHS.SG	M	0	CHS.SG	1121868	0.476329	0.000010	0.523661
HG00614.SG	CHS.SG	F	0	CHS.SG	1089165	0.513278	0.000010	0.486712
HG00619.SG	CHS.SG	M	0	CHS.SG	1114196	0.497503	0.000010	0.502487
HG00620.SG	CHS.SG	F	0	CHS.SG	1091791	0.468409	0.000010	0.531581
HG00622.SG	CHS.SG	M	0	CHS.SG	1148717	0.488774	0.000010	0.511216
HG00623.SG	CHS.SG	F	0	CHS.SG	1149123	0.488022	0.000010	0.511968
HG00625.SG	CHS.SG	M	0	CHS.SG	963287	0.461481	0.000010	0.538509
HG00626.SG	CHS.SG	F	0	CHS.SG	1022306	0.534191	0.000010	0.465799
HG00628.SG	CHS.SG	M	0	CHS.SG	1018751	0.531060	0.000010	0.468930
HG00629.SG	CHS.SG	F	0	CHS.SG	1049657	0.528027	0.000010	0.471963
HG00631.SG	CHS.SG	M	0	CHS.SG	1148633	0.527011	0.000010	0.472979
HG00632.SG	CHS.SG	F	0	CHS.SG	1144846	0.497137	0.000010	0.502853
HG00634.SG	CHS.SG	M	0	CHS.SG	1019068	0.515888	0.000010	0.484102
HG00635.SG	CHS.SG	F	0	CHS.SG	1048633	0.562502	0.000010	0.437488
HG00650.SG	CHS.SG	M	0	CHS.SG	1108128	0.328411	0.000010	0.671579
HG00651.SG	CHS.SG	F	0	CHS.SG	1095557	0.372211	0.000010	0.627779
HG00653.SG	CHS.SG	M	0	CHS.SG	1119427	0.346542	0.000010	0.653448
HG00654.SG	CHS.SG	F	0	CHS.SG	1114835	0.387662	0.000010	0.612328
HG00656.SG	CHS.SG	M	0	CHS.SG	1123385	0.318215	0.000010	0.681775
HG00657.SG	CHS.SG	F	0	CHS.SG	1110636	0.361361	0.000010	0.638629
HG00662.SG	CHS.SG	M	0	CHS.SG	1105546	0.352651	0.000010	0.647339
HG00663.SG	CHS.SG	F	0	CHS.SG	1116854	0.346235	0.000010	0.653755
HG00671.SG	CHS.SG	M	0	CHS.SG	1122932	0.358096	0.000010	0.641894
HG00672.SG	CHS.SG	F	0	CHS.SG	1114319	0.328363	0.000010	0.671627
HG00674.SG	CHS.SG	M	0	CHS.SG	1148210	0.353294	0.000010	0.646696
HG00675.SG	CHS.SG	F	0	CHS.SG	1148737	0.402743	0.000010	0.597247
HG00683.SG	CHS.SG	M	0	CHS.SG	1105888	0.347791	0.000010	0.652199
HG00684.SG	CHS.SG	F	0	CHS.SG	1111101	0.371603	0.000010	0.628387
HG00689.SG	CHS.SG	M	0	CHS.SG	1106107	0.401398	0.000010	0.598592
HG00690.SG	CHS.SG	F	0	CHS.SG	1108988	0.343869	0.000010	0.656121
HG00692.SG	CHS.SG	M	0	CHS.SG	1119725	0.328480	0.000010	0.671510
HG00693.SG	CHS.SG	F	0	CHS.SG	1117198	0.382043	0.000010	0.617947
HG00698.SG	CHS.SG	M	0	CHS.SG	1109481	0.365404	0.000010	0.634586
HG00699.SG	CHS.SG	F	0	CHS.SG	1111375	0.399688	0.000010	0.600302
HG00701.SG	CHS.SG	M	0	CHS.SG	1104128	0.417341	0.000010	0.582649
HG00702.SG	CHS.SG	F	0	CHS.SG	1109492	0.328243	0.000010	0.671747
HG00704.SG	CHS.SG	M	0	CHS.SG	1120359	0.350717	0.000010	0.649273
HG00705.SG	CHS.SG	F	0	CHS.SG	1119608	0.356115	0.000010	0.643875
HG00707.SG	CHS.SG	M	0	CHS.SG	1120382	0.339882	0.000010	0.660108
HG00708.SG	CHS.SG	F	0	CHS.SG	1129693	0.357829	0.000010	0.642161
HG00717.SG	CHS.SG	F	0	CHS.SG	1140146	0.362937	0.000010	0.637053
HG00728.SG	CHS.SG	M	0	CHS.SG	1148314	0.357880	0.000010	0.642110
HG00729.SG	CHS.SG	F	0	CHS.SG	1149031	0.371196	0.000010	0.628794
I13882	GROUP3	F	3234	Japan_HG_Jomon	592836	0.000010	0.999980	0.000010
I13883	GROUP3	M	2859	Japan_HG_Jomon	471257	0.000010	0.999980	0.000010
I13884	GROUP3	F	4351	Japan_HG_Jomon	699363	0.000010	0.999980	0.000010
I13885	GROUP3	F	3216	Japan_HG_Jomon	151269	0.000010	0.999980	0.000010
I13886	GROUP3	M	4003	Japan_HG_Jomon	765534	0.000010	0.999980	0.000010
I6341	GROUP3	M	3200	Japan_HG_Jomon	95580	0.000010	0.999980	0.000010
I13887	GROUP3	M	4032	Japan_HG_Jomon_brother.I13886	608952	0.000010	0.999980	0.000010
JpFu1.SG	GROUP3	F	5526	Japan_Honshu_EarlyJomon.SG	735000	0.000010	0.999980	0.000010
JpOd181.SG	GROUP3	M	5824	Japan_Honshu_EarlyJomon.SG	967659	0.000010	0.999980	0.000010
JpOd274.SG	GROUP3	M	6221	Japan_Honshu_EarlyJomon.SG	884954	0.000010	0.999980	0.000010
JpOd282.SG	GROUP3	M	5818	Japan_Honshu_EarlyJomon.SG	692107	0.000010	0.999980	0.000010
JpOd6.SG	GROUP3	F	6044	Japan_Honshu_EarlyJomon.SG	665381	0.000010	0.999980	0.000010
JpKo13.SG	GROUP3	F	3917	Japan_Honshu_MidLateJomon.SG	953258	0.000010	0.999980	0.000010
JpKo2.SG	GROUP3	F	4385	Japan_Honshu_MidLateJomon.SG	1037331	0.000010	0.999980	0.000010
Sanganji_131421-3_A1_noUDG.SG	GROUP3	M	3177	Japan_Jomon_lc.SG	5342	0.000010	0.999980	0.000010
Sanganji_131464.SG	GROUP3	F	3280	Japan_Jomon_lc.SG	10921	0.000010	0.999980	0.000010
IK002_noUDG.SG	GROUP3	F	2782	Japan_Jomon.SG	807590	0.000010	0.999980	0.000010
JpKa6904.SG	GROUP3	F	8820	Japan_Shikoku_InitialJomon.SG	1146305	0.000010	0.999980	0.000010
JpHi01.SG	GROUP3	F	1818	Japan_Shikoku_LateJomon.SG	589460	0.000010	0.999980	0.000010
NA18939.SG	JPT.SG	F	0	JPT.SG	1147601	0.772812	0.129965	0.097223
NA18940.SG	JPT.SG	M	0	JPT.SG	1142063	0.745982	0.134127	0.119891
NA18941.SG	JPT.SG	F	0	JPT.SG	1139108	0.742204	0.137345	0.120451
NA18942.SG	JPT.SG	F	0	JPT.SG	1144289	0.747638	0.123166	0.129196
NA18943.SG	JPT.SG	M	0	JPT.SG	1139581	0.667011	0.101962	0.231027
NA18944.SG	JPT.SG	M	0	JPT.SG	1138281	0.752074	0.137573	0.110353
NA18945.SG	JPT.SG	M	0	JPT.SG	1145696	0.756545	0.140653	0.102802
NA18946.SG	JPT.SG	F	0	JPT.SG	1147958	0.772577	0.115077	0.112347
NA18947.SG	JPT.SG	F	0	JPT.SG	1138473	0.702494	0.166097	0.131409
NA18948.SG	JPT.SG	M	0	JPT.SG	1134851	0.733414	0.134014	0.132571
NA18949.SG	JPT.SG	F	0	JPT.SG	1124037	0.747772	0.146537	0.105691
NA18950.SG	JPT.SG	F	0	JPT.SG	1112238	0.896769	0.103221	0.000010
NA18951.SG	JPT.SG	F	0	JPT.SG	1132995	0.731727	0.095586	0.172687
NA18952.SG	JPT.SG	M	0	JPT.SG	1144140	0.737219	0.133326	0.129455
NA18953.SG	JPT.SG	M	0	JPT.SG	1022841	0.903689	0.096301	0.000010
NA18954.SG	JPT.SG	F	0	JPT.SG	1060030	0.708423	0.088391	0.203185
NA18956.SG	JPT.SG	F	0	JPT.SG	1136853	0.785413	0.129986	0.084601
NA18957.SG	JPT.SG	F	0	JPT.SG	1136992	0.781386	0.125544	0.093070
NA18959.SG	JPT.SG	M	0	JPT.SG	1149038	0.775095	0.125987	0.098917
NA18960.SG	JPT.SG	M	0	JPT.SG	1147976	0.731158	0.116253	0.152590
NA18961.SG	JPT.SG	M	0	JPT.SG	828857	0.906759	0.093231	0.000010
NA18962.SG	JPT.SG	M	0	JPT.SG	1113291	0.763187	0.132453	0.104360
NA18963.SG	JPT.SG	F	0	JPT.SG	1135272	0.844399	0.109552	0.046049
NA18964.SG	JPT.SG	F	0	JPT.SG	1041717	0.875634	0.124356	0.000010
NA18965.SG	JPT.SG	M	0	JPT.SG	1139116	0.750887	0.099075	0.150038
NA18966.SG	JPT.SG	M	0	JPT.SG	1144560	0.795848	0.132791	0.071362
NA18967.SG	JPT.SG	M	0	JPT.SG	1121307	0.798891	0.126676	0.074433
NA18968.SG	JPT.SG	F	0	JPT.SG	1149505	0.764992	0.143965	0.091042
NA18969.SG	JPT.SG	F	0	JPT.SG	1033493	0.800159	0.125543	0.074298
NA18970.SG	JPT.SG	M	0	JPT.SG	1123922	0.726000	0.138511	0.135489
NA18971.SG	JPT.SG	M	0	JPT.SG	1149612	0.752142	0.130946	0.116912
NA18972.SG	JPT.SG	F	0	JPT.SG	1115308	0.788703	0.123688	0.087608
NA18973.SG	JPT.SG	F	0	JPT.SG	1131619	0.755809	0.125333	0.118858
NA18974.SG	JPT.SG	M	0	JPT.SG	1149865	0.746034	0.124631	0.129335
NA18975.SG	JPT.SG	F	0	JPT.SG	1149434	0.742095	0.154439	0.103466
NA18976.SG	JPT.SG	F	0	JPT.SG	1149860	0.763725	0.013570	0.222706
NA18977.SG	JPT.SG	M	0	JPT.SG	1095823	0.797173	0.116033	0.086793
NA18978.SG	JPT.SG	F	0	JPT.SG	1146410	0.783968	0.143957	0.072075
NA18979.SG	JPT.SG	F	0	JPT.SG	1147617	0.753420	0.083107	0.163473
NA18980.SG	JPT.SG	F	0	JPT.SG	1147914	0.745192	0.113244	0.141565
NA18981.SG	JPT.SG	F	0	JPT.SG	1149303	0.738174	0.129301	0.132525
NA18982.SG	JPT.SG	M	0	JPT.SG	1025778	0.913690	0.086300	0.000010
NA18983.SG	JPT.SG	M	0	JPT.SG	982182	0.893777	0.106213	0.000010
NA18984.SG	JPT.SG	M	0	JPT.SG	1093844	0.856488	0.143502	0.000010
NA18985.SG	JPT.SG	M	0	JPT.SG	1077849	0.889798	0.110192	0.000010
NA18986.SG	JPT.SG	M	0	JPT.SG	1120324	0.885393	0.114597	0.000010
NA18987.SG	JPT.SG	F	0	JPT.SG	1110475	0.808693	0.122344	0.068963
NA18988.SG	JPT.SG	M	0	JPT.SG	1141406	0.894479	0.105511	0.000010
NA18989.SG	JPT.SG	M	0	JPT.SG	1143059	0.818065	0.140211	0.041725
NA18990.SG	JPT.SG	M	0	JPT.SG	1115479	0.786225	0.102181	0.111595
NA18991.SG	JPT.SG	F	0	JPT.SG	1140364	0.749810	0.120820	0.129370
NA18992.SG	JPT.SG	F	0	JPT.SG	1077007	0.825001	0.130206	0.044792
NA18993.SG	JPT.SG	F	0	JPT.SG	1143285	0.744505	0.120035	0.135460
NA18994.SG	JPT.SG	M	0	JPT.SG	1063381	0.799247	0.136212	0.064542
NA18995.SG	JPT.SG	M	0	JPT.SG	1125379	0.751617	0.117116	0.131267
NA18997.SG	JPT.SG	F	0	JPT.SG	1146040	0.726474	0.128539	0.144987
NA18998.SG	JPT.SG	F	0	JPT.SG	1148279	0.772667	0.137763	0.089570
NA18999.SG	JPT.SG	F	0	JPT.SG	1055898	0.877238	0.113267	0.009495
NA19000.SG	JPT.SG	M	0	JPT.SG	999179	0.882978	0.117012	0.000010
NA19001.SG	JPT.SG	F	0	JPT.SG	1146757	0.792702	0.090761	0.116538
NA19002.SG	JPT.SG	F	0	JPT.SG	1077370	0.808871	0.137576	0.053553
NA19003.SG	JPT.SG	F	0	JPT.SG	1007648	0.897823	0.102167	0.000010
NA19004.SG	JPT.SG	M	0	JPT.SG	1127241	0.873894	0.120731	0.005376
NA19005.SG	JPT.SG	M	0	JPT.SG	1099550	0.910655	0.089335	0.000010
NA19006.SG	JPT.SG	M	0	JPT.SG	1144574	0.800006	0.129285	0.070709
NA19007.SG	JPT.SG	M	0	JPT.SG	1067751	0.871824	0.111388	0.016788
NA19009.SG	JPT.SG	M	0	JPT.SG	1044407	0.859450	0.095391	0.045159
NA19010.SG	JPT.SG	F	0	JPT.SG	1140994	0.816265	0.118945	0.064791
NA19011.SG	JPT.SG	F	0	JPT.SG	1146936	0.735960	0.149559	0.114481
NA19012.SG	JPT.SG	M	0	JPT.SG	733480	0.940905	0.059085	0.000010
NA19054.SG	JPT.SG	F	0	JPT.SG	1021682	0.893796	0.106194	0.000010
NA19055.SG	JPT.SG	M	0	JPT.SG	1095654	0.908054	0.091936	0.000010
NA19056.SG	JPT.SG	M	0	JPT.SG	1049219	0.857232	0.142758	0.000010
NA19057.SG	JPT.SG	F	0	JPT.SG	1067880	0.873653	0.109135	0.017212
NA19058.SG	JPT.SG	M	0	JPT.SG	1034057	0.906086	0.093904	0.000010
NA19059.SG	JPT.SG	F	0	JPT.SG	1087778	0.888776	0.111214	0.000010
NA19060.SG	JPT.SG	M	0	JPT.SG	1081099	0.885785	0.114205	0.000010
NA19062.SG	JPT.SG	M	0	JPT.SG	1085620	0.898000	0.089657	0.012343
NA19063.SG	JPT.SG	M	0	JPT.SG	1117996	0.861881	0.126579	0.011540
NA19064.SG	JPT.SG	F	0	JPT.SG	1028495	0.908238	0.091752	0.000010
NA19065.SG	JPT.SG	F	0	JPT.SG	874520	0.928224	0.071766	0.000010
NA19066.SG	JPT.SG	M	0	JPT.SG	883778	0.926618	0.073372	0.000010
NA19067.SG	JPT.SG	M	0	JPT.SG	1085243	0.878050	0.101846	0.020104
NA19068.SG	JPT.SG	M	0	JPT.SG	1004857	0.916956	0.083034	0.000010
NA19070.SG	JPT.SG	M	0	JPT.SG	1110222	0.863938	0.122069	0.013993
NA19072.SG	JPT.SG	M	0	JPT.SG	1145693	0.740692	0.113187	0.146121
NA19074.SG	JPT.SG	F	0	JPT.SG	1130798	0.777977	0.110015	0.112008
NA19075.SG	JPT.SG	M	0	JPT.SG	1084365	0.727322	0.135050	0.137628
NA19076.SG	JPT.SG	M	0	JPT.SG	1074945	0.777990	0.119052	0.102959
NA19077.SG	JPT.SG	F	0	JPT.SG	1115359	0.785160	0.114763	0.100078
NA19078.SG	JPT.SG	F	0	JPT.SG	1142125	0.741465	0.135232	0.123303
NA19079.SG	JPT.SG	M	0	JPT.SG	1045115	0.894168	0.105822	0.000010
NA19080.SG	JPT.SG	F	0	JPT.SG	981879	0.900310	0.099680	0.000010
NA19081.SG	JPT.SG	F	0	JPT.SG	951827	0.822208	0.145941	0.031850
NA19082.SG	JPT.SG	M	0	JPT.SG	1085225	0.756914	0.122564	0.120522
NA19083.SG	JPT.SG	M	0	JPT.SG	1123519	0.814104	0.133871	0.052025
NA19084.SG	JPT.SG	F	0	JPT.SG	1034062	0.929123	0.070867	0.000010
NA19085.SG	JPT.SG	M	0	JPT.SG	1146608	0.787478	0.122514	0.090007
NA19086.SG	JPT.SG	M	0	JPT.SG	1142974	0.746567	0.141122	0.112311
NA19087.SG	JPT.SG	F	0	JPT.SG	1086191	0.904066	0.095924	0.000010
NA19088.SG	JPT.SG	M	0	JPT.SG	1062392	0.850423	0.116562	0.033015
NA19089.SG	JPT.SG	M	0	JPT.SG	1145984	0.775179	0.139975	0.084845
NA19090.SG	JPT.SG	F	0	JPT.SG	1145801	0.732459	0.119746	0.147794
NA19091.SG	JPT.SG	M	0	JPT.SG	1144857	0.741397	0.134117	0.124486
HG01595.SG	KHV.SG	F	0	KHV.SG	1115596	0.178918	0.001746	0.819336
HG01596.SG	KHV.SG	M	0	KHV.SG	1093594	0.121437	0.008088	0.870474
HG01597.SG	KHV.SG	F	0	KHV.SG	1138083	0.104753	0.009254	0.885992
HG01598.SG	KHV.SG	F	0	KHV.SG	1112242	0.153618	0.000010	0.846372
HG01599.SG	KHV.SG	F	0	KHV.SG	1123159	0.173187	0.002946	0.823867
HG01600.SG	KHV.SG	F	0	KHV.SG	1137803	0.182762	0.000010	0.817228
HG01840.SG	KHV.SG	M	0	KHV.SG	1129566	0.195033	0.002653	0.802314
HG01841.SG	KHV.SG	F	0	KHV.SG	1132094	0.137200	0.004530	0.858270
HG01842.SG	KHV.SG	M	0	KHV.SG	1125427	0.180475	0.000010	0.819515
HG01843.SG	KHV.SG	F	0	KHV.SG	1129346	0.175337	0.000092	0.824571
HG01844.SG	KHV.SG	M	0	KHV.SG	1141050	0.173555	0.003116	0.823328
HG01845.SG	KHV.SG	F	0	KHV.SG	1139925	0.188940	0.002356	0.808704
HG01846.SG	KHV.SG	M	0	KHV.SG	1141405	0.177572	0.000010	0.822418
HG01847.SG	KHV.SG	F	0	KHV.SG	1139927	0.128386	0.004020	0.867595
HG01848.SG	KHV.SG	F	0	KHV.SG	1139420	0.144730	0.005527	0.849744
HG01849.SG	KHV.SG	M	0	KHV.SG	1142700	0.133337	0.010936	0.855727
HG01850.SG	KHV.SG	F	0	KHV.SG	1140381	0.135350	0.015784	0.848866
HG01851.SG	KHV.SG	F	0	KHV.SG	1141627	0.139071	0.000010	0.860919
HG01852.SG	KHV.SG	M	0	KHV.SG	1136901	0.170630	0.000010	0.829360
HG01853.SG	KHV.SG	F	0	KHV.SG	1136494	0.147556	0.004256	0.848188
HG01855.SG	KHV.SG	F	0	KHV.SG	1135518	0.182326	0.000010	0.817664
HG01857.SG	KHV.SG	F	0	KHV.SG	1136262	0.175725	0.000010	0.824265
HG01858.SG	KHV.SG	F	0	KHV.SG	1137572	0.163394	0.000010	0.836596
HG01859.SG	KHV.SG	F	0	KHV.SG	1135594	0.166900	0.003854	0.829246
HG01860.SG	KHV.SG	M	0	KHV.SG	1145421	0.125292	0.000010	0.874698
HG01861.SG	KHV.SG	M	0	KHV.SG	1143526	0.180445	0.000010	0.819545
HG01862.SG	KHV.SG	F	0	KHV.SG	1137056	0.212934	0.002358	0.784708
HG01863.SG	KHV.SG	F	0	KHV.SG	1138891	0.205727	0.000010	0.794263
HG01864.SG	KHV.SG	M	0	KHV.SG	1139753	0.193865	0.007799	0.798336
HG01865.SG	KHV.SG	M	0	KHV.SG	1144377	0.188556	0.003602	0.807842
HG01866.SG	KHV.SG	M	0	KHV.SG	1115075	0.169705	0.005825	0.824469
HG01867.SG	KHV.SG	M	0	KHV.SG	1136357	0.194318	0.011186	0.794497
HG01868.SG	KHV.SG	F	0	KHV.SG	1137872	0.149104	0.009659	0.841237
HG01869.SG	KHV.SG	F	0	KHV.SG	1139200	0.167758	0.000010	0.832232
HG01870.SG	KHV.SG	F	0	KHV.SG	1149772	0.124132	0.005064	0.870804
HG01871.SG	KHV.SG	F	0	KHV.SG	1149731	0.148126	0.006079	0.845795
HG01872.SG	KHV.SG	M	0	KHV.SG	1149855	0.219528	0.007025	0.773447
HG01873.SG	KHV.SG	M	0	KHV.SG	1150038	0.173173	0.000010	0.826817
HG01874.SG	KHV.SG	F	0	KHV.SG	1149717	0.171707	0.002115	0.826178
HG01878.SG	KHV.SG	F	0	KHV.SG	1149770	0.167530	0.008943	0.823527
HG02017.SG	KHV.SG	M	0	KHV.SG	1127838	0.147766	0.010529	0.841705
HG02019.SG	KHV.SG	F	0	KHV.SG	1109459	0.148280	0.014122	0.837599
HG02020.SG	KHV.SG	M	0	KHV.SG	1140876	0.104218	0.008906	0.886876
HG02023.SG	KHV.SG	M	0	KHV.SG	1136536	0.143276	0.006215	0.850509
HG02024.SG	KHV.SG	F	0	KHV.SG	1148670	0.108769	0.000010	0.891221
HG02025.SG	KHV.SG	F	0	KHV.SG	1149731	0.124802	0.000010	0.875188
HG02026.SG	KHV.SG	M	0	KHV.SG	1149826	0.121500	0.000010	0.878490
HG02028.SG	KHV.SG	F	0	KHV.SG	1114214	0.133918	0.010938	0.855144
HG02029.SG	KHV.SG	M	0	KHV.SG	1141784	0.310877	0.000010	0.689113
HG02031.SG	KHV.SG	F	0	KHV.SG	1108070	0.198850	0.000010	0.801140
HG02032.SG	KHV.SG	M	0	KHV.SG	1146921	0.278493	0.000010	0.721497
HG02035.SG	KHV.SG	M	0	KHV.SG	1135922	0.148988	0.011798	0.839214
HG02040.SG	KHV.SG	M	0	KHV.SG	1131243	0.156778	0.005066	0.838156
HG02046.SG	KHV.SG	F	0	KHV.SG	1130420	0.084174	0.003567	0.912259
HG02047.SG	KHV.SG	M	0	KHV.SG	1134877	0.102725	0.011451	0.885824
HG02048.SG	KHV.SG	F	0	KHV.SG	1149787	0.133913	0.008774	0.857313
HG02049.SG	KHV.SG	F	0	KHV.SG	1149314	0.114932	0.006593	0.878475
HG02050.SG	KHV.SG	M	0	KHV.SG	1148365	0.150937	0.009496	0.839567
HG02057.SG	KHV.SG	F	0	KHV.SG	1149689	0.170119	0.001801	0.828080
HG02060.SG	KHV.SG	F	0	KHV.SG	1136165	0.149377	0.006692	0.843931
HG02061.SG	KHV.SG	M	0	KHV.SG	1140020	0.165816	0.008164	0.826020
