IID	Group	Sex	Date	Population	NumSNPs	k1	k2	k3
Ne30_genotyping_noUDG	GROUP1	M	9896	China_AmurRiver_EarlyN	590693	0.115537	0.425720	0.458743
Ne61_genotyping_noUDG	GROUP1	U	3421	China_AmurRiver_BA	590361	0.113848	0.425090	0.461062
Ne35_genotyping_noUDG	GROUP1	F	8990	China_AmurRiver_EarlyN	590571	0.124759	0.414981	0.460261
HG00759.SG	CDX.SG	F	0	CDX.SG	1146818	0.000010	0.109895	0.890095
HG00766.SG	CDX.SG	F	0	CDX.SG	1146634	0.000010	0.083019	0.916971
HG00844.SG	CDX.SG	M	0	CDX.SG	1147702	0.000010	0.059288	0.940702
HG00851.SG	CDX.SG	F	0	CDX.SG	1148771	0.000010	0.072051	0.927939
HG00864.SG	CDX.SG	F	0	CDX.SG	1055446	0.015743	0.112460	0.871797
HG00867.SG	CDX.SG	F	0	CDX.SG	1144520	0.000010	0.104377	0.895613
HG00879.SG	CDX.SG	F	0	CDX.SG	1052407	0.000010	0.103872	0.896118
HG00881.SG	CDX.SG	M	0	CDX.SG	1145398	0.000010	0.081615	0.918375
HG00956.SG	CDX.SG	F	0	CDX.SG	1143429	0.000010	0.136548	0.863442
HG00978.SG	CDX.SG	F	0	CDX.SG	1140115	0.000010	0.142648	0.857342
HG00982.SG	CDX.SG	M	0	CDX.SG	1141320	0.000010	0.084693	0.915297
HG01028.SG	CDX.SG	M	0	CDX.SG	1141006	0.000010	0.092949	0.907041
HG01029.SG	CDX.SG	F	0	CDX.SG	1141860	0.000010	0.075075	0.924915
HG01031.SG	CDX.SG	M	0	CDX.SG	1116217	0.000010	0.075491	0.924499
HG01046.SG	CDX.SG	F	0	CDX.SG	1139033	0.000010	0.075369	0.924621
HG01794.SG	CDX.SG	F	0	CDX.SG	1128288	0.000010	0.077206	0.922784
HG01795.SG	CDX.SG	F	0	CDX.SG	1144854	0.008505	0.094797	0.896698
HG01796.SG	CDX.SG	F	0	CDX.SG	1142952	0.000010	0.054094	0.945896
HG01797.SG	CDX.SG	F	0	CDX.SG	1145927	0.005816	0.037094	0.957090
HG01798.SG	CDX.SG	F	0	CDX.SG	1142627	0.000010	0.415649	0.584341
HG01799.SG	CDX.SG	F	0	CDX.SG	1144499	0.000010	0.054888	0.945102
HG01800.SG	CDX.SG	F	0	CDX.SG	1144421	0.000010	0.129813	0.870177
HG01801.SG	CDX.SG	F	0	CDX.SG	1144523	0.000010	0.085906	0.914084
HG01802.SG	CDX.SG	F	0	CDX.SG	1143533	0.000010	0.163783	0.836207
HG01804.SG	CDX.SG	F	0	CDX.SG	1138054	0.021003	0.252003	0.726993
HG01805.SG	CDX.SG	F	0	CDX.SG	1142424	0.001431	0.091005	0.907564
HG01806.SG	CDX.SG	F	0	CDX.SG	1142611	0.000010	0.064503	0.935487
HG01807.SG	CDX.SG	F	0	CDX.SG	1145266	0.003992	0.049489	0.946519
HG01808.SG	CDX.SG	F	0	CDX.SG	1139856	0.003201	0.109472	0.887327
HG01809.SG	CDX.SG	F	0	CDX.SG	1140330	0.000010	0.043794	0.956196
HG01810.SG	CDX.SG	M	0	CDX.SG	1142855	0.000010	0.083259	0.916731
HG01811.SG	CDX.SG	M	0	CDX.SG	1144993	0.000010	0.044078	0.955912
HG01812.SG	CDX.SG	F	0	CDX.SG	1143221	0.000010	0.076049	0.923941
HG01813.SG	CDX.SG	F	0	CDX.SG	1144652	0.000875	0.119447	0.879678
HG01815.SG	CDX.SG	F	0	CDX.SG	1143201	0.004246	0.077062	0.918692
HG01816.SG	CDX.SG	M	0	CDX.SG	1138516	0.003246	0.060760	0.935994
HG01817.SG	CDX.SG	F	0	CDX.SG	1143906	0.000010	0.065498	0.934492
HG02151.SG	CDX.SG	F	0	CDX.SG	1143896	0.005465	0.035370	0.959165
HG02152.SG	CDX.SG	F	0	CDX.SG	1097962	0.002008	0.019057	0.978935
HG02153.SG	CDX.SG	F	0	CDX.SG	1100794	0.003031	0.071859	0.925110
HG02154.SG	CDX.SG	F	0	CDX.SG	1124646	0.000010	0.072441	0.927549
HG02155.SG	CDX.SG	F	0	CDX.SG	1123268	0.000010	0.078503	0.921487
HG02156.SG	CDX.SG	F	0	CDX.SG	1112527	0.014456	0.026425	0.959119
HG02164.SG	CDX.SG	F	0	CDX.SG	1111320	0.013345	0.098746	0.887910
HG02165.SG	CDX.SG	F	0	CDX.SG	1111811	0.000010	0.110982	0.889008
HG02166.SG	CDX.SG	F	0	CDX.SG	1116603	0.000010	0.047876	0.952114
HG02178.SG	CDX.SG	F	0	CDX.SG	1116901	0.000010	0.030175	0.969815
HG02179.SG	CDX.SG	F	0	CDX.SG	1116987	0.000010	0.078483	0.921507
HG02180.SG	CDX.SG	F	0	CDX.SG	1119350	0.000010	0.088293	0.911697
HG02181.SG	CDX.SG	F	0	CDX.SG	1131002	0.000010	0.046825	0.953165
HG02182.SG	CDX.SG	F	0	CDX.SG	1114943	0.000010	0.075826	0.924164
HG02184.SG	CDX.SG	F	0	CDX.SG	1110450	0.000010	0.066761	0.933229
HG02185.SG	CDX.SG	F	0	CDX.SG	1124586	0.001422	0.088108	0.910470
HG02186.SG	CDX.SG	F	0	CDX.SG	1126774	0.008054	0.098415	0.893531
HG02187.SG	CDX.SG	F	0	CDX.SG	1102318	0.000010	0.047404	0.952586
HG02188.SG	CDX.SG	F	0	CDX.SG	1082989	0.000010	0.039840	0.960150
HG02190.SG	CDX.SG	F	0	CDX.SG	1127636	0.006188	0.085625	0.908187
HG02250.SG	CDX.SG	M	0	CDX.SG	1145850	0.001266	0.075403	0.923330
HG02351.SG	CDX.SG	M	0	CDX.SG	1136917	0.010812	0.071742	0.917446
HG02353.SG	CDX.SG	M	0	CDX.SG	1144390	0.000010	0.026478	0.973512
HG02355.SG	CDX.SG	M	0	CDX.SG	1139006	0.000010	0.084839	0.915151
HG02356.SG	CDX.SG	M	0	CDX.SG	1145069	0.000010	0.041787	0.958203
HG02360.SG	CDX.SG	M	0	CDX.SG	1145107	0.009653	0.105702	0.884646
HG02363.SG	CDX.SG	M	0	CDX.SG	1144214	0.000010	0.029193	0.970797
HG02364.SG	CDX.SG	M	0	CDX.SG	1141573	0.003937	0.032285	0.963778
HG02367.SG	CDX.SG	M	0	CDX.SG	1142396	0.000010	0.046755	0.953235
HG02371.SG	CDX.SG	M	0	CDX.SG	1137040	0.000010	0.000010	0.999980
HG02372.SG	CDX.SG	M	0	CDX.SG	1117667	0.000010	0.000010	0.999980
HG02373.SG	CDX.SG	M	0	CDX.SG	1145502	0.000010	0.001525	0.998465
HG02374.SG	CDX.SG	M	0	CDX.SG	1144528	0.000010	0.078107	0.921883
HG02375.SG	CDX.SG	M	0	CDX.SG	1144144	0.000010	0.000010	0.999980
HG02377.SG	CDX.SG	M	0	CDX.SG	1139577	0.002081	0.126879	0.871040
HG02379.SG	CDX.SG	M	0	CDX.SG	1145452	0.005781	0.036783	0.957436
HG02380.SG	CDX.SG	M	0	CDX.SG	1144071	0.000010	0.048406	0.951584
HG02381.SG	CDX.SG	M	0	CDX.SG	1144828	0.000010	0.019361	0.980629
HG02382.SG	CDX.SG	M	0	CDX.SG	1142798	0.008679	0.063911	0.927410
HG02383.SG	CDX.SG	M	0	CDX.SG	1145620	0.000649	0.020430	0.978921
HG02384.SG	CDX.SG	M	0	CDX.SG	1142010	0.000010	0.036211	0.963779
HG02385.SG	CDX.SG	M	0	CDX.SG	1124798	0.003766	0.014923	0.981311
HG02386.SG	CDX.SG	M	0	CDX.SG	1142965	0.010579	0.100585	0.888836
HG02387.SG	CDX.SG	M	0	CDX.SG	1137718	0.000010	0.126823	0.873167
HG02388.SG	CDX.SG	M	0	CDX.SG	1145541	0.000010	0.000010	0.999980
HG02389.SG	CDX.SG	M	0	CDX.SG	1138456	0.000010	0.065996	0.933994
HG02390.SG	CDX.SG	M	0	CDX.SG	1144731	0.000010	0.048352	0.951638
HG02391.SG	CDX.SG	M	0	CDX.SG	1143081	0.000010	0.064766	0.935224
HG02392.SG	CDX.SG	M	0	CDX.SG	1144198	0.000010	0.069076	0.930914
HG02394.SG	CDX.SG	M	0	CDX.SG	1141291	0.000638	0.059540	0.939821
HG02395.SG	CDX.SG	M	0	CDX.SG	1141985	0.000010	0.063769	0.936221
HG02396.SG	CDX.SG	M	0	CDX.SG	1138243	0.000010	0.044355	0.955635
HG02397.SG	CDX.SG	M	0	CDX.SG	1120678	0.010940	0.078216	0.910845
HG02398.SG	CDX.SG	M	0	CDX.SG	1146442	0.000010	0.085032	0.914958
HG02399.SG	CDX.SG	M	0	CDX.SG	1140820	0.000010	0.056491	0.943499
HG02401.SG	CDX.SG	M	0	CDX.SG	1141833	0.000797	0.088484	0.910719
HG02402.SG	CDX.SG	M	0	CDX.SG	1139952	0.002852	0.048188	0.948961
HG02406.SG	CDX.SG	M	0	CDX.SG	1144632	0.000875	0.076640	0.922485
HG02407.SG	CDX.SG	M	0	CDX.SG	1141712	0.000010	0.081439	0.918551
HG02408.SG	CDX.SG	M	0	CDX.SG	1147729	0.001508	0.014731	0.983761
HG02409.SG	CDX.SG	M	0	CDX.SG	1142606	0.000010	0.061122	0.938868
HG02410.SG	CDX.SG	M	0	CDX.SG	1149521	0.016359	0.040345	0.943296
NA18525.SG	CHB.SG	F	0	CHB.SG	1148222	0.000010	0.563401	0.436589
NA18526.SG	CHB.SG	F	0	CHB.SG	1144888	0.000010	0.481894	0.518096
NA18528.SG	CHB.SG	F	0	CHB.SG	1145029	0.000010	0.718503	0.281487
NA18530.SG	CHB.SG	M	0	CHB.SG	1011343	0.000010	0.750240	0.249750
NA18531.SG	CHB.SG	F	0	CHB.SG	1144158	0.000010	0.701225	0.298765
NA18532.SG	CHB.SG	F	0	CHB.SG	1146074	0.000010	0.590608	0.409382
NA18533.SG	CHB.SG	F	0	CHB.SG	1143295	0.000010	0.470663	0.529327
NA18534.SG	CHB.SG	M	0	CHB.SG	1033412	0.000010	0.684336	0.315654
NA18535.SG	CHB.SG	F	0	CHB.SG	1123505	0.000010	0.695588	0.304402
NA18536.SG	CHB.SG	M	0	CHB.SG	1146954	0.000010	0.503784	0.496206
NA18537.SG	CHB.SG	F	0	CHB.SG	1006056	0.000010	0.638172	0.361818
NA18538.SG	CHB.SG	F	0	CHB.SG	1122913	0.000010	0.728105	0.271885
NA18539.SG	CHB.SG	F	0	CHB.SG	1031992	0.000010	0.812052	0.187938
NA18541.SG	CHB.SG	F	0	CHB.SG	1121738	0.000010	0.703220	0.296770
NA18542.SG	CHB.SG	F	0	CHB.SG	1146912	0.000010	0.693534	0.306456
NA18543.SG	CHB.SG	M	0	CHB.SG	1147514	0.000010	0.436690	0.563300
NA18544.SG	CHB.SG	M	0	CHB.SG	1139821	0.000010	0.692530	0.307460
NA18545.SG	CHB.SG	F	0	CHB.SG	1120660	0.000010	0.465141	0.534849
NA18546.SG	CHB.SG	M	0	CHB.SG	1146398	0.000010	0.709589	0.290401
NA18547.SG	CHB.SG	F	0	CHB.SG	1143253	0.000010	0.689316	0.310674
NA18548.SG	CHB.SG	M	0	CHB.SG	1135652	0.000010	0.697730	0.302260
NA18549.SG	CHB.SG	M	0	CHB.SG	1143553	0.000010	0.488787	0.511203
NA18550.SG	CHB.SG	F	0	CHB.SG	1139607	0.000010	0.299738	0.700252
NA18552.SG	CHB.SG	F	0	CHB.SG	1132923	0.000010	0.560291	0.439699
NA18553.SG	CHB.SG	F	0	CHB.SG	1135099	0.000690	0.692692	0.306618
NA18555.SG	CHB.SG	F	0	CHB.SG	1136619	0.000862	0.527191	0.471946
NA18557.SG	CHB.SG	M	0	CHB.SG	1144059	0.003771	0.727629	0.268600
NA18558.SG	CHB.SG	M	0	CHB.SG	1145805	0.000010	0.697929	0.302061
NA18559.SG	CHB.SG	M	0	CHB.SG	1138716	0.000010	0.605223	0.394767
NA18560.SG	CHB.SG	F	0	CHB.SG	1121960	0.000010	0.499973	0.500017
NA18561.SG	CHB.SG	M	0	CHB.SG	1136111	0.000010	0.687483	0.312507
NA18562.SG	CHB.SG	M	0	CHB.SG	1130815	0.000010	0.694868	0.305122
NA18563.SG	CHB.SG	M	0	CHB.SG	1142175	0.000010	0.738486	0.261504
NA18564.SG	CHB.SG	F	0	CHB.SG	1147747	0.000010	0.712185	0.287805
NA18565.SG	CHB.SG	F	0	CHB.SG	1119597	0.000010	0.473298	0.526692
NA18566.SG	CHB.SG	F	0	CHB.SG	1138945	0.000010	0.704229	0.295761
NA18567.SG	CHB.SG	F	0	CHB.SG	1128313	0.000010	0.696592	0.303398
NA18570.SG	CHB.SG	F	0	CHB.SG	1144974	0.000010	0.511580	0.488410
NA18571.SG	CHB.SG	F	0	CHB.SG	1134062	0.000966	0.464430	0.534604
NA18572.SG	CHB.SG	M	0	CHB.SG	1042709	0.000010	0.741037	0.258953
NA18573.SG	CHB.SG	F	0	CHB.SG	1143727	0.000010	0.481625	0.518365
NA18574.SG	CHB.SG	F	0	CHB.SG	1095008	0.000010	0.777690	0.222300
NA18577.SG	CHB.SG	F	0	CHB.SG	1147633	0.000010	0.611055	0.388935
NA18579.SG	CHB.SG	F	0	CHB.SG	1147080	0.000010	0.688827	0.311163
NA18582.SG	CHB.SG	F	0	CHB.SG	1145693	0.000010	0.491676	0.508314
NA18591.SG	CHB.SG	F	0	CHB.SG	1131195	0.000010	0.494928	0.505062
NA18592.SG	CHB.SG	F	0	CHB.SG	1143452	0.000010	0.687775	0.312215
NA18593.SG	CHB.SG	F	0	CHB.SG	1143736	0.000010	0.640567	0.359423
NA18595.SG	CHB.SG	F	0	CHB.SG	1146286	0.000010	0.710821	0.289169
NA18596.SG	CHB.SG	F	0	CHB.SG	1144895	0.000010	0.715902	0.284088
NA18597.SG	CHB.SG	F	0	CHB.SG	1146689	0.000010	0.679365	0.320625
NA18599.SG	CHB.SG	F	0	CHB.SG	1147106	0.000010	0.715986	0.284004
NA18602.SG	CHB.SG	F	0	CHB.SG	1008565	0.000010	0.720173	0.279817
NA18603.SG	CHB.SG	M	0	CHB.SG	1148347	0.000010	0.543173	0.456817
NA18605.SG	CHB.SG	M	0	CHB.SG	1147208	0.000010	0.679863	0.320127
NA18606.SG	CHB.SG	M	0	CHB.SG	1145580	0.000010	0.459575	0.540415
NA18608.SG	CHB.SG	M	0	CHB.SG	1147166	0.000010	0.710389	0.289601
NA18609.SG	CHB.SG	M	0	CHB.SG	994779	0.000010	0.692551	0.307439
NA18610.SG	CHB.SG	F	0	CHB.SG	1136964	0.000010	0.649578	0.350412
NA18611.SG	CHB.SG	M	0	CHB.SG	1067390	0.000010	0.763528	0.236462
NA18612.SG	CHB.SG	M	0	CHB.SG	1144878	0.002148	0.722369	0.275482
NA18613.SG	CHB.SG	M	0	CHB.SG	983074	0.000010	0.728279	0.271711
NA18614.SG	CHB.SG	F	0	CHB.SG	1147603	0.000010	0.617905	0.382085
NA18615.SG	CHB.SG	F	0	CHB.SG	1073318	0.000010	0.805387	0.194603
NA18616.SG	CHB.SG	F	0	CHB.SG	1113693	0.000010	0.593360	0.406630
NA18617.SG	CHB.SG	F	0	CHB.SG	1131791	0.000010	0.556923	0.443067
NA18618.SG	CHB.SG	F	0	CHB.SG	981456	0.000010	0.769252	0.230738
NA18619.SG	CHB.SG	F	0	CHB.SG	1030601	0.000010	0.745134	0.254856
NA18620.SG	CHB.SG	M	0	CHB.SG	1133556	0.000010	0.715889	0.284101
NA18621.SG	CHB.SG	M	0	CHB.SG	1144546	0.000010	0.735441	0.264549
NA18622.SG	CHB.SG	M	0	CHB.SG	1148531	0.000010	0.608031	0.391959
NA18623.SG	CHB.SG	M	0	CHB.SG	1149232	0.000593	0.714081	0.285326
NA18624.SG	CHB.SG	M	0	CHB.SG	1147293	0.000010	0.712354	0.287636
NA18625.SG	CHB.SG	F	0	CHB.SG	1136557	0.000010	0.653201	0.346789
NA18626.SG	CHB.SG	F	0	CHB.SG	1148432	0.002629	0.688653	0.308718
NA18627.SG	CHB.SG	F	0	CHB.SG	1147428	0.000010	0.483753	0.516237
NA18628.SG	CHB.SG	F	0	CHB.SG	1113218	0.000010	0.386872	0.613118
NA18629.SG	CHB.SG	M	0	CHB.SG	1131030	0.000010	0.559963	0.440027
NA18630.SG	CHB.SG	F	0	CHB.SG	958116	0.000010	0.517710	0.482280
NA18631.SG	CHB.SG	F	0	CHB.SG	1037470	0.000010	0.695636	0.304354
NA18632.SG	CHB.SG	M	0	CHB.SG	1147248	0.000010	0.503431	0.496559
NA18633.SG	CHB.SG	M	0	CHB.SG	1147331	0.000010	0.639830	0.360160
NA18634.SG	CHB.SG	F	0	CHB.SG	1097682	0.000010	0.544155	0.455835
NA18635.SG	CHB.SG	M	0	CHB.SG	1139485	0.000010	0.736993	0.262997
NA18636.SG	CHB.SG	M	0	CHB.SG	1147952	0.000010	0.408791	0.591199
NA18637.SG	CHB.SG	M	0	CHB.SG	1147222	0.000010	0.542348	0.457642
NA18638.SG	CHB.SG	M	0	CHB.SG	1145715	0.000010	0.526381	0.473609
NA18639.SG	CHB.SG	M	0	CHB.SG	1107869	0.000010	0.448664	0.551326
NA18640.SG	CHB.SG	F	0	CHB.SG	1143333	0.000010	0.664990	0.335000
NA18641.SG	CHB.SG	F	0	CHB.SG	1146452	0.000010	0.624290	0.375700
NA18642.SG	CHB.SG	F	0	CHB.SG	1102045	0.000010	0.684990	0.315000
NA18643.SG	CHB.SG	M	0	CHB.SG	1126787	0.000010	0.687660	0.312330
NA18644.SG	CHB.SG	F	0	CHB.SG	1113440	0.000010	0.547786	0.452204
NA18645.SG	CHB.SG	M	0	CHB.SG	1135983	0.000010	0.528866	0.471124
NA18646.SG	CHB.SG	F	0	CHB.SG	1133478	0.000010	0.690233	0.309757
NA18647.SG	CHB.SG	M	0	CHB.SG	1146192	0.001974	0.682704	0.315322
NA18648.SG	CHB.SG	M	0	CHB.SG	1110787	0.000010	0.677141	0.322849
NA18740.SG	CHB.SG	M	0	CHB.SG	1146443	0.000010	0.386183	0.613807
NA18745.SG	CHB.SG	M	0	CHB.SG	1119101	0.000010	0.686461	0.313529
NA18747.SG	CHB.SG	M	0	CHB.SG	1139897	0.000010	0.537308	0.462682
NA18748.SG	CHB.SG	M	0	CHB.SG	1136084	0.000010	0.510188	0.489802
NA18749.SG	CHB.SG	M	0	CHB.SG	1145406	0.000010	0.683613	0.316377
NA18757.SG	CHB.SG	M	0	CHB.SG	1131398	0.000010	0.692599	0.307391
NE45_noUDG	GROUP1	M	9241	China_AmurRiver_EarlyN	109162	0.056971	0.815243	0.127786
NE1_noUDG	GROUP1	F	12650	China_AmurRiver_LPaleolithic	73261	0.131182	0.802191	0.066628
NE34_noUDG	GROUP1	M	14521	China_AmurRiver_LPaleolithic	502532	0.127045	0.762889	0.110065
NE5_noUDG	GROUP1	M	14174	China_AmurRiver_LPaleolithic	454824	0.102829	0.829003	0.068168
NE56_noUDG	GROUP1	M	19427	China_AmurRiver_LPaleolithic	685365	0.135247	0.556106	0.308646
NE36_noUDG	GROUP1	U	10673	China_AmurRiver_Mesolithic_lc	7026	0.082739	0.917251	0.000010
NE57	GROUP1	M	11026	China_AmurRiver_Mesolithic_lc	9729	0.104470	0.580598	0.314932
NE16_noUDG	GROUP1	F	8564	China_AmurRiver_N	177431	0.099215	0.900775	0.000010
NE19_noUDG	GROUP1	M	7039	China_AmurRiver_N	532737	0.094031	0.864600	0.041369
NE2_noUDG	GROUP1	M	6321	China_AmurRiver_N	287639	0.109336	0.856838	0.033827
NE22_noUDG	GROUP1	M	6838	China_AmurRiver_N	147392	0.094246	0.864791	0.040963
NE29_noUDG	GROUP1	F	6877	China_AmurRiver_N	561435	0.088634	0.904051	0.007315
NE39_noUDG	GROUP1	M	8196	China_AmurRiver_N	510532	0.071927	0.877225	0.050848
NE49_noUDG	GROUP1	F	8368	China_AmurRiver_N	156282	0.091302	0.899326	0.009372
NE58	GROUP1	M	7308	China_AmurRiver_N	29523	0.087976	0.778825	0.133199
NE9_noUDG	GROUP1	F	6331	China_AmurRiver_N	594883	0.106719	0.870193	0.023088
MZGM10-1_noUDG	GROUP1	M	5250	China_Miaozigou_MN	199184	0.014197	0.781122	0.204681
MZGM16_noUDG	GROUP1	M	5250	China_Miaozigou_MN	74830	0.009221	0.815630	0.175149
MZGM25-2_noUDG	GROUP1	F	5250	China_Miaozigou_MN	43862	0.028280	0.819427	0.152293
Bianbian_noUDG	GROUP1	M	9709	China_NEastAsia_Coastal_EN	632956	0.058735	0.735898	0.205367
BS	GROUP1	M	9125	China_NEastAsia_Coastal_EN	999618	0.047439	0.827931	0.124630
XJS1309_M4_noUDG	GROUP1	M	7827	China_NEastAsia_Coastal_EN	324644	0.089291	0.788290	0.122419
XJS1311_M16_noUDG	GROUP1	F	7850	China_NEastAsia_Coastal_EN	327720	0.109418	0.732308	0.158274
Xiaogao_noUDG	GROUP1	F	7827	China_NEastAsia_Coastal_EN_o	875108	0.119171	0.780010	0.100819
XJS1309_M7_noUDG	GROUP1	F	7814	China_NEastAsia_Coastal_EN_o_1d.rel.XJS1309_M4	155055	0.076288	0.820027	0.103686
Qihe2_noUDG_d	GROUP2	F	8392	China_SEastAsia_Coastal_EN	257352	0.190890	0.000010	0.809100
L5700_noUDG	GROUP2	F	4477	China_SEastAsia_Coastal_LN	243839	0.119672	0.011742	0.868586
L5701_noUDG_d	GROUP2	M	4325	China_SEastAsia_Coastal_LN	32031	0.125243	0.008127	0.866630
L5704_noUDG_d	GROUP2	M	4505	China_SEastAsia_Coastal_LN	31912	0.136940	0.000010	0.863050
L5705_noUDG	GROUP2	F	4333	China_SEastAsia_Coastal_LN	360919	0.133666	0.000010	0.866324
L5706_noUDG_d	GROUP2	M	4459	China_SEastAsia_Coastal_LN	31736	0.127102	0.000010	0.872888
L7415_noUDG	GROUP2	M	4333	China_SEastAsia_Coastal_LN	261751	0.129075	0.000010	0.870915
L7417_noUDG_d	GROUP2	F	4472	China_SEastAsia_Coastal_LN	95708	0.136638	0.000010	0.863352
L5692_noUDG_d	GROUP2	M	4477	China_SEastAsia_Coastal_LN_lc	10476	0.074774	0.000010	0.925216
L5696_noUDG_d	GROUP2	M	4350	China_SEastAsia_Coastal_LN_lc	13340	0.151076	0.004357	0.844567
L5698_noUDG_d	GROUP2	F	4287	China_SEastAsia_Coastal_LN_lc	13988	0.071720	0.000010	0.928270
L5703_noUDG_d	GROUP2	M	4571	China_SEastAsia_Coastal_LN_lc	12161	0.172991	0.000010	0.826999
LD1	GROUP2	M	8190	China_SEastAsia_Island_EN	830585	0.129355	0.027775	0.842870
LD2	GROUP2	F	7575	China_SEastAsia_Island_EN	743701	0.126730	0.000010	0.873260
SuogangB1_noUDG_d	GROUP2	M	4550	China_SEastAsia_Island_LN	32881	0.120221	0.000010	0.879769
SuogangB3_noUDG_d	GROUP2	M	4550	China_SEastAsia_Island_LN	19753	0.135892	0.000010	0.864098
SM-SGDLM27_noUDG	GROUP1	M	4050	China_Shimao_LN	889593	0.018243	0.753404	0.228353
SM-SGDLM6_noUDG	GROUP1	M	4589	China_Shimao_LN	1069589	0.019481	0.805301	0.175218
SM-SGDLM7X_noUDG	GROUP1	F	4050	China_Shimao_LN	17610	0.035510	0.731672	0.232817
DCZM17IV_noUDG	GROUP1	F	1850	China_Upper_YR_IA	467346	0.000268	0.619093	0.380640
DCZ-M21II_noUDG	GROUP1	M	1763	China_Upper_YR_IA	583643	0.019877	0.707034	0.273089
DCZ-M22IV_noUDG	GROUP1	F	1850	China_Upper_YR_IA	840330	0.022976	0.699932	0.277092
JCKM1-1_noUDG	GROUP1	M	4296	China_Upper_YR_LN	578345	0.019087	0.814354	0.166559
LJM2_noUDG	GROUP1	F	3900	China_Upper_YR_LN	593748	0.029590	0.791816	0.178594
LJM3_noUDG	GROUP1	M	4479	China_Upper_YR_LN	790176	0.015541	0.840628	0.143832
LJM4_noUDG	GROUP1	F	3900	China_Upper_YR_LN	26885	0.010039	0.715745	0.274216
LJM5_noUDG	GROUP1	M	3900	China_Upper_YR_LN_father.or.son.LJM3	567369	0.019526	0.828050	0.152424
LJM14_noUDG	GROUP1	M	3900	China_Upper_YR_LN_o	665999	0.053756	0.773932	0.172311
LJM25_noUDG	GROUP1	M	3900	China_Upper_YR_LN_o	41385	0.000010	0.780516	0.219474
91KLH11_noUDG	GROUP1	F	2650	China_WLR_BA	304491	0.048477	0.660347	0.291176
91KLH18_noUDG	GROUP1	M	2812	China_WLR_BA	335516	0.012880	0.761254	0.225866
EDM139_noUDG	GROUP1	F	3750	China_WLR_LN	414304	0.036226	0.626101	0.337673
EDM176_noUDG	GROUP1	M	3750	China_WLR_LN	788257	0.029914	0.721746	0.248340
EDM124_noUDG	GROUP1	M	3544	China_WLR_LN_o	135182	0.023502	0.691960	0.284538
BLSM27S_noUDG	GROUP1	F	5250	China_WLR_MN	1103573	0.060651	0.922560	0.016789
BLSM41_noUDG	GROUP1	M	5250	China_WLR_MN	35128	0.063937	0.911405	0.024658
BLSM45_noUDG	GROUP1	F	5162	China_WLR_MN_o	691505	0.041215	0.825214	0.133570
S95_noUDG.EC	GROUP1	M	5050	China_Wuzhuangguoliang_LN_1d.rel.S97.EC	21891	0.000010	0.850289	0.149701
18R21265_noUDG.EC	GROUP1	M	5050	China_Wuzhuangguoliang_LN_lc.EC	10765	0.000010	0.880743	0.119247
S91_noUDG.EC	GROUP1	F	5050	China_Wuzhuangguoliang_LN_lc.EC	13853	0.053689	0.732733	0.213578
S94_noUDG.EC	GROUP1	F	5050	China_Wuzhuangguoliang_LN_lc.EC	7577	0.037671	0.714636	0.247693
S96_noUDG.EC	GROUP1	F	5050	China_Wuzhuangguoliang_LN_lc.EC	7168	0.131792	0.868198	0.000010
S120_noUDG.EC	GROUP1	M	5050	China_Wuzhuangguoliang_LN_o_lc.EC	12931	0.056404	0.729255	0.214341
18R21262_noUDG.EC	GROUP1	F	5050	China_Wuzhuangguoliang_LN.EC	25884	0.067704	0.838301	0.093995
18R21266_noUDG.EC	GROUP1	F	4785	China_Wuzhuangguoliang_LN.EC	40692	0.022458	0.827196	0.150346
S118_noUDG.EC	GROUP1	F	5050	China_Wuzhuangguoliang_LN.EC	15792	0.045234	0.700155	0.254610
S123_noUDG.EC	GROUP1	F	5050	China_Wuzhuangguoliang_LN.EC	35326	0.053853	0.722089	0.224057
S97_noUDG.EC	GROUP1	M	5050	China_Wuzhuangguoliang_LN.EC	31238	0.019828	0.816679	0.163493
HJTM115_noUDG	GROUP1	F	2225	China_YR_LBIA	835947	0.024749	0.612139	0.363113
JXNTM2_noUDG	GROUP1	M	3250	China_YR_LBIA	822949	0.008320	0.681452	0.310227
JXNTM23_noUDG	GROUP1	F	3332	China_YR_LBIA	722024	0.024485	0.679066	0.296449
LGM41_noUDG	GROUP1	M	2100	China_YR_LBIA	741410	0.024402	0.664049	0.311549
LGM79_noUDG	GROUP1	F	2250	China_YR_LBIA	782279	0.023424	0.652387	0.324189
HJTW13_noUDG	GROUP1	M	2131	China_YR_LBIA_o	24841	0.023403	0.629787	0.346809
HJTM107_noUDG	GROUP1	M	3993	China_YR_LN	590453	0.030185	0.645711	0.324104
HJTM109_noUDG	GROUP1	M	3908	China_YR_LN	451702	0.022683	0.599389	0.377928
PLTM310_noUDG	GROUP1	F	4088	China_YR_LN	919440	0.036687	0.644131	0.319182
PLTM311_noUDG	GROUP1	M	4049	China_YR_LN	1019135	0.027614	0.672333	0.300053
PLTM313_noUDG	GROUP1	F	3934	China_YR_LN	1044572	0.028013	0.672090	0.299897
WD-WT1H16_noUDG	GROUP1	M	4536	China_YR_LN	1116390	0.019531	0.716620	0.263848
WD-WT5M2_noUDG	GROUP1	F	3900	China_YR_LN	812816	0.032264	0.705257	0.262480
WGM20_noUDG	GROUP1	F	5250	China_YR_MN	59429	0.022867	0.783834	0.193299
WGM35_noUDG	GROUP1	F	5950	China_YR_MN	582549	0.039799	0.795324	0.164877
WGM43_noUDG	GROUP1	M	5250	China_YR_MN	35936	0.038769	0.778367	0.182864
WGM70_noUDG	GROUP1	F	5250	China_YR_MN	219959	0.032567	0.804998	0.162435
WGM76S_noUDG	GROUP1	F	5250	China_YR_MN	197944	0.056026	0.760008	0.183965
WGM94_noUDG	GROUP1	M	5250	China_YR_MN	410126	0.041767	0.747757	0.210476
XW-M1R18_noUDG	GROUP1	M	6927	China_YR_MN	1113674	0.031525	0.709150	0.259325
WGH35-1_noUDG	GROUP1	F	5250	China_YR_MN_o	31994	0.039286	0.750208	0.210506
HG00403.SG	CHS.SG	M	0	CHS.SG	936174	0.000010	0.522855	0.477135
HG00404.SG	CHS.SG	F	0	CHS.SG	1082707	0.000010	0.522881	0.477109
HG00406.SG	CHS.SG	M	0	CHS.SG	1134567	0.000010	0.458514	0.541476
HG00407.SG	CHS.SG	F	0	CHS.SG	1138118	0.000010	0.425784	0.574206
HG00409.SG	CHS.SG	M	0	CHS.SG	1148541	0.000010	0.495763	0.504227
HG00410.SG	CHS.SG	F	0	CHS.SG	1149084	0.000010	0.475966	0.524024
HG00419.SG	CHS.SG	F	0	CHS.SG	1146152	0.000010	0.470050	0.529940
HG00421.SG	CHS.SG	M	0	CHS.SG	1146049	0.000010	0.473056	0.526934
HG00422.SG	CHS.SG	F	0	CHS.SG	1147782	0.000010	0.445140	0.554850
HG00428.SG	CHS.SG	F	0	CHS.SG	1148139	0.000010	0.457699	0.542291
HG00436.SG	CHS.SG	M	0	CHS.SG	993809	0.000010	0.528725	0.471265
HG00437.SG	CHS.SG	F	0	CHS.SG	1148343	0.000010	0.470289	0.529701
HG00442.SG	CHS.SG	M	0	CHS.SG	1148477	0.000010	0.446492	0.553498
HG00443.SG	CHS.SG	F	0	CHS.SG	1147105	0.000010	0.468072	0.531918
HG00445.SG	CHS.SG	M	0	CHS.SG	1147009	0.000010	0.479788	0.520202
HG00446.SG	CHS.SG	F	0	CHS.SG	1147194	0.000010	0.476403	0.523587
HG00448.SG	CHS.SG	M	0	CHS.SG	1146686	0.000010	0.440774	0.559216
HG00449.SG	CHS.SG	F	0	CHS.SG	1099899	0.000010	0.480579	0.519411
HG00451.SG	CHS.SG	M	0	CHS.SG	1141801	0.000010	0.480769	0.519221
HG00452.SG	CHS.SG	F	0	CHS.SG	1142953	0.000010	0.477309	0.522681
HG00457.SG	CHS.SG	M	0	CHS.SG	1141939	0.000010	0.443818	0.556172
HG00458.SG	CHS.SG	F	0	CHS.SG	1146392	0.000010	0.499901	0.500089
HG00463.SG	CHS.SG	M	0	CHS.SG	1124211	0.000010	0.443113	0.556877
HG00464.SG	CHS.SG	F	0	CHS.SG	1130382	0.000010	0.460936	0.539054
HG00472.SG	CHS.SG	M	0	CHS.SG	1147805	0.000010	0.469384	0.530606
HG00473.SG	CHS.SG	F	0	CHS.SG	1147235	0.000010	0.466874	0.533116
HG00475.SG	CHS.SG	M	0	CHS.SG	1147069	0.000010	0.499371	0.500619
HG00476.SG	CHS.SG	F	0	CHS.SG	1144662	0.000010	0.467521	0.532469
HG00478.SG	CHS.SG	M	0	CHS.SG	1145870	0.000010	0.446459	0.553531
HG00479.SG	CHS.SG	F	0	CHS.SG	1146698	0.000010	0.441636	0.558354
HG00500.SG	CHS.SG	M	0	CHS.SG	1109971	0.000010	0.504601	0.495389
HG00501.SG	CHS.SG	F	0	CHS.SG	1118119	0.000010	0.470845	0.529145
HG00513.SG	CHS.SG	F	0	CHS.SG	1044397	0.000010	0.487964	0.512026
HG00524.SG	CHS.SG	M	0	CHS.SG	1024092	0.000010	0.508497	0.491493
HG00525.SG	CHS.SG	F	0	CHS.SG	1146904	0.000010	0.499223	0.500767
HG00533.SG	CHS.SG	M	0	CHS.SG	1117278	0.000010	0.493899	0.506091
HG00534.SG	CHS.SG	F	0	CHS.SG	1122527	0.000010	0.453550	0.546440
HG00536.SG	CHS.SG	M	0	CHS.SG	1148105	0.000010	0.461540	0.538450
HG00537.SG	CHS.SG	F	0	CHS.SG	1073837	0.000010	0.518642	0.481348
HG00542.SG	CHS.SG	M	0	CHS.SG	956390	0.000010	0.543825	0.456165
HG00543.SG	CHS.SG	F	0	CHS.SG	1148119	0.000010	0.417623	0.582367
HG00556.SG	CHS.SG	M	0	CHS.SG	1146390	0.000010	0.458667	0.541323
HG00557.SG	CHS.SG	F	0	CHS.SG	1145608	0.000010	0.501606	0.498384
HG00559.SG	CHS.SG	M	0	CHS.SG	1101306	0.013682	0.543630	0.442688
HG00560.SG	CHS.SG	F	0	CHS.SG	1080900	0.000010	0.496036	0.503954
HG00565.SG	CHS.SG	M	0	CHS.SG	1080521	0.000010	0.505993	0.493997
HG00566.SG	CHS.SG	F	0	CHS.SG	1088804	0.000010	0.477072	0.522918
HG00580.SG	CHS.SG	M	0	CHS.SG	1112159	0.000010	0.515425	0.484565
HG00581.SG	CHS.SG	F	0	CHS.SG	1123614	0.000010	0.523831	0.476159
HG00583.SG	CHS.SG	M	0	CHS.SG	1122088	0.000010	0.364197	0.635793
HG00584.SG	CHS.SG	F	0	CHS.SG	1119452	0.000010	0.489306	0.510684
HG00589.SG	CHS.SG	M	0	CHS.SG	1111629	0.000010	0.490978	0.509012
HG00590.SG	CHS.SG	F	0	CHS.SG	1076734	0.000010	0.421891	0.578099
HG00592.SG	CHS.SG	M	0	CHS.SG	1072827	0.000010	0.691108	0.308882
HG00593.SG	CHS.SG	F	0	CHS.SG	1147728	0.000010	0.473572	0.526418
HG00595.SG	CHS.SG	M	0	CHS.SG	1103904	0.000010	0.488337	0.511653
HG00596.SG	CHS.SG	F	0	CHS.SG	975645	0.000010	0.545705	0.454285
HG00598.SG	CHS.SG	M	0	CHS.SG	1148513	0.000010	0.476866	0.523124
HG00599.SG	CHS.SG	F	0	CHS.SG	1148564	0.000793	0.566619	0.432588
HG00607.SG	CHS.SG	M	0	CHS.SG	1076167	0.000010	0.496436	0.503554
HG00608.SG	CHS.SG	F	0	CHS.SG	1099661	0.000010	0.455671	0.544319
HG00610.SG	CHS.SG	M	0	CHS.SG	1031622	0.000010	0.563341	0.436649
HG00611.SG	CHS.SG	F	0	CHS.SG	1009331	0.000010	0.574404	0.425586
HG00613.SG	CHS.SG	M	0	CHS.SG	1121868	0.000010	0.474170	0.525820
HG00614.SG	CHS.SG	F	0	CHS.SG	1089165	0.000010	0.511519	0.488471
HG00619.SG	CHS.SG	M	0	CHS.SG	1114196	0.000010	0.496036	0.503954
HG00620.SG	CHS.SG	F	0	CHS.SG	1091791	0.000010	0.465865	0.534125
HG00622.SG	CHS.SG	M	0	CHS.SG	1148717	0.000010	0.486476	0.513514
HG00623.SG	CHS.SG	F	0	CHS.SG	1149123	0.000010	0.486111	0.513879
HG00625.SG	CHS.SG	M	0	CHS.SG	963287	0.000010	0.458833	0.541157
HG00626.SG	CHS.SG	F	0	CHS.SG	1022306	0.000010	0.531100	0.468890
HG00628.SG	CHS.SG	M	0	CHS.SG	1018751	0.000010	0.528870	0.471120
HG00629.SG	CHS.SG	F	0	CHS.SG	1049657	0.000010	0.525331	0.474659
HG00631.SG	CHS.SG	M	0	CHS.SG	1148633	0.000010	0.524794	0.475196
HG00632.SG	CHS.SG	F	0	CHS.SG	1144846	0.000010	0.494577	0.505413
HG00634.SG	CHS.SG	M	0	CHS.SG	1019068	0.000010	0.513776	0.486214
HG00635.SG	CHS.SG	F	0	CHS.SG	1048633	0.000010	0.560336	0.439654
HG00650.SG	CHS.SG	M	0	CHS.SG	1108128	0.000010	0.324939	0.675051
HG00651.SG	CHS.SG	F	0	CHS.SG	1095557	0.000010	0.369516	0.630474
HG00653.SG	CHS.SG	M	0	CHS.SG	1119427	0.000010	0.343414	0.656576
HG00654.SG	CHS.SG	F	0	CHS.SG	1114835	0.000010	0.385207	0.614783
HG00656.SG	CHS.SG	M	0	CHS.SG	1123385	0.000010	0.315522	0.684468
HG00657.SG	CHS.SG	F	0	CHS.SG	1110636	0.000010	0.358596	0.641394
HG00662.SG	CHS.SG	M	0	CHS.SG	1105546	0.000010	0.349829	0.650161
HG00663.SG	CHS.SG	F	0	CHS.SG	1116854	0.000010	0.343409	0.656581
HG00671.SG	CHS.SG	M	0	CHS.SG	1122932	0.000010	0.355312	0.644678
HG00672.SG	CHS.SG	F	0	CHS.SG	1114319	0.000010	0.324776	0.675214
HG00674.SG	CHS.SG	M	0	CHS.SG	1148210	0.000010	0.350652	0.649338
HG00675.SG	CHS.SG	F	0	CHS.SG	1148737	0.000010	0.399627	0.600363
HG00683.SG	CHS.SG	M	0	CHS.SG	1105888	0.000010	0.345317	0.654673
HG00684.SG	CHS.SG	F	0	CHS.SG	1111101	0.000010	0.368615	0.631375
HG00689.SG	CHS.SG	M	0	CHS.SG	1106107	0.000010	0.398894	0.601096
HG00690.SG	CHS.SG	F	0	CHS.SG	1108988	0.000010	0.341495	0.658495
HG00692.SG	CHS.SG	M	0	CHS.SG	1119725	0.000010	0.325551	0.674439
HG00693.SG	CHS.SG	F	0	CHS.SG	1117198	0.000010	0.379758	0.620232
HG00698.SG	CHS.SG	M	0	CHS.SG	1109481	0.000010	0.362499	0.637491
HG00699.SG	CHS.SG	F	0	CHS.SG	1111375	0.000010	0.397558	0.602432
HG00701.SG	CHS.SG	M	0	CHS.SG	1104128	0.000010	0.414839	0.585151
HG00702.SG	CHS.SG	F	0	CHS.SG	1109492	0.000010	0.325277	0.674713
HG00704.SG	CHS.SG	M	0	CHS.SG	1120359	0.000010	0.348456	0.651534
HG00705.SG	CHS.SG	F	0	CHS.SG	1119608	0.000010	0.352915	0.647075
HG00707.SG	CHS.SG	M	0	CHS.SG	1120382	0.000010	0.337028	0.662962
HG00708.SG	CHS.SG	F	0	CHS.SG	1129693	0.000010	0.355332	0.644658
HG00717.SG	CHS.SG	F	0	CHS.SG	1140146	0.000010	0.359536	0.640454
HG00728.SG	CHS.SG	M	0	CHS.SG	1148314	0.000010	0.355228	0.644762
HG00729.SG	CHS.SG	F	0	CHS.SG	1149031	0.000010	0.368051	0.631939
I13882	GROUP3	F	3234	Japan_HG_Jomon	592836	0.999980	0.000010	0.000010
I13883	GROUP3	M	2859	Japan_HG_Jomon	471257	0.999980	0.000010	0.000010
I13884	GROUP3	F	4351	Japan_HG_Jomon	699363	0.999980	0.000010	0.000010
I13885	GROUP3	F	3216	Japan_HG_Jomon	151269	0.999980	0.000010	0.000010
I13886	GROUP3	M	4003	Japan_HG_Jomon	765534	0.999980	0.000010	0.000010
I6341	GROUP3	M	3200	Japan_HG_Jomon	95580	0.999975	0.000015	0.000010
I13887	GROUP3	M	4032	Japan_HG_Jomon_brother.I13886	608952	0.999980	0.000010	0.000010
JpFu1.SG	GROUP3	F	5526	Japan_Honshu_EarlyJomon.SG	735000	0.999980	0.000010	0.000010
JpOd181.SG	GROUP3	M	5824	Japan_Honshu_EarlyJomon.SG	967659	0.999980	0.000010	0.000010
JpOd274.SG	GROUP3	M	6221	Japan_Honshu_EarlyJomon.SG	884954	0.999980	0.000010	0.000010
JpOd282.SG	GROUP3	M	5818	Japan_Honshu_EarlyJomon.SG	692107	0.999980	0.000010	0.000010
JpOd6.SG	GROUP3	F	6044	Japan_Honshu_EarlyJomon.SG	665381	0.999980	0.000010	0.000010
JpKo13.SG	GROUP3	F	3917	Japan_Honshu_MidLateJomon.SG	953258	0.999980	0.000010	0.000010
JpKo2.SG	GROUP3	F	4385	Japan_Honshu_MidLateJomon.SG	1037331	0.999980	0.000010	0.000010
Sanganji_131421-3_A1_noUDG.SG	GROUP3	M	3177	Japan_Jomon_lc.SG	5342	0.999980	0.000010	0.000010
Sanganji_131464.SG	GROUP3	F	3280	Japan_Jomon_lc.SG	10921	0.999980	0.000010	0.000010
IK002_noUDG.SG	GROUP3	F	2782	Japan_Jomon.SG	807590	0.999980	0.000010	0.000010
JpKa6904.SG	GROUP3	F	8820	Japan_Shikoku_InitialJomon.SG	1146305	0.999980	0.000010	0.000010
JpHi01.SG	GROUP3	F	1818	Japan_Shikoku_LateJomon.SG	589460	0.999979	0.000011	0.000010
NA18939.SG	JPT.SG	F	0	JPT.SG	1147601	0.131191	0.771414	0.097394
NA18940.SG	JPT.SG	M	0	JPT.SG	1142063	0.135161	0.745379	0.119460
NA18941.SG	JPT.SG	F	0	JPT.SG	1139108	0.138325	0.741953	0.119722
NA18942.SG	JPT.SG	F	0	JPT.SG	1144289	0.123986	0.746382	0.129632
NA18943.SG	JPT.SG	M	0	JPT.SG	1139581	0.102490	0.666845	0.230665
NA18944.SG	JPT.SG	M	0	JPT.SG	1138281	0.138201	0.752211	0.109589
NA18945.SG	JPT.SG	M	0	JPT.SG	1145696	0.142047	0.755718	0.102236
NA18946.SG	JPT.SG	F	0	JPT.SG	1147958	0.116111	0.772319	0.111570
NA18947.SG	JPT.SG	F	0	JPT.SG	1138473	0.166990	0.701900	0.131110
NA18948.SG	JPT.SG	M	0	JPT.SG	1134851	0.134640	0.732625	0.132735
NA18949.SG	JPT.SG	F	0	JPT.SG	1124037	0.147262	0.747252	0.105486
NA18950.SG	JPT.SG	F	0	JPT.SG	1112238	0.105243	0.894747	0.000010
NA18951.SG	JPT.SG	F	0	JPT.SG	1132995	0.096343	0.731333	0.172323
NA18952.SG	JPT.SG	M	0	JPT.SG	1144140	0.134031	0.736886	0.129083
NA18953.SG	JPT.SG	M	0	JPT.SG	1022841	0.097332	0.902658	0.000010
NA18954.SG	JPT.SG	F	0	JPT.SG	1060030	0.089373	0.706841	0.203785
NA18956.SG	JPT.SG	F	0	JPT.SG	1136853	0.130836	0.784920	0.084244
NA18957.SG	JPT.SG	F	0	JPT.SG	1136992	0.126501	0.780809	0.092691
NA18959.SG	JPT.SG	M	0	JPT.SG	1149038	0.127197	0.773835	0.098968
NA18960.SG	JPT.SG	M	0	JPT.SG	1147976	0.117036	0.730391	0.152573
NA18961.SG	JPT.SG	M	0	JPT.SG	828857	0.095267	0.904723	0.000010
NA18962.SG	JPT.SG	M	0	JPT.SG	1113291	0.133414	0.762494	0.104091
NA18963.SG	JPT.SG	F	0	JPT.SG	1135272	0.111055	0.843144	0.045800
NA18964.SG	JPT.SG	F	0	JPT.SG	1041717	0.125571	0.874419	0.000010
NA18965.SG	JPT.SG	M	0	JPT.SG	1139116	0.099999	0.749847	0.150154
NA18966.SG	JPT.SG	M	0	JPT.SG	1144560	0.133740	0.795409	0.070851
NA18967.SG	JPT.SG	M	0	JPT.SG	1121307	0.127731	0.798130	0.074139
NA18968.SG	JPT.SG	F	0	JPT.SG	1149505	0.144951	0.764761	0.090288
NA18969.SG	JPT.SG	F	0	JPT.SG	1033493	0.126394	0.800063	0.073543
NA18970.SG	JPT.SG	M	0	JPT.SG	1123922	0.139719	0.724963	0.135317
NA18971.SG	JPT.SG	M	0	JPT.SG	1149612	0.131812	0.751508	0.116680
NA18972.SG	JPT.SG	F	0	JPT.SG	1115308	0.124693	0.788516	0.086790
NA18973.SG	JPT.SG	F	0	JPT.SG	1131619	0.126002	0.755067	0.118931
NA18974.SG	JPT.SG	M	0	JPT.SG	1149865	0.125337	0.745530	0.129134
NA18975.SG	JPT.SG	F	0	JPT.SG	1149434	0.155474	0.741542	0.102984
NA18976.SG	JPT.SG	F	0	JPT.SG	1149860	0.014338	0.762642	0.223020
NA18977.SG	JPT.SG	M	0	JPT.SG	1095823	0.117223	0.795450	0.087326
NA18978.SG	JPT.SG	F	0	JPT.SG	1146410	0.145172	0.783190	0.071638
NA18979.SG	JPT.SG	F	0	JPT.SG	1147617	0.083575	0.753250	0.163175
NA18980.SG	JPT.SG	F	0	JPT.SG	1147914	0.114039	0.744310	0.141651
NA18981.SG	JPT.SG	F	0	JPT.SG	1149303	0.129902	0.738036	0.132062
NA18982.SG	JPT.SG	M	0	JPT.SG	1025778	0.088043	0.911947	0.000010
NA18983.SG	JPT.SG	M	0	JPT.SG	982182	0.108163	0.891827	0.000010
NA18984.SG	JPT.SG	M	0	JPT.SG	1093844	0.144840	0.855150	0.000010
NA18985.SG	JPT.SG	M	0	JPT.SG	1077849	0.111778	0.888212	0.000010
NA18986.SG	JPT.SG	M	0	JPT.SG	1120324	0.116290	0.883700	0.000010
NA18987.SG	JPT.SG	F	0	JPT.SG	1110475	0.123604	0.807620	0.068777
NA18988.SG	JPT.SG	M	0	JPT.SG	1141406	0.106937	0.893053	0.000010
NA18989.SG	JPT.SG	M	0	JPT.SG	1143059	0.141272	0.817810	0.040918
NA18990.SG	JPT.SG	M	0	JPT.SG	1115479	0.103387	0.785090	0.111523
NA18991.SG	JPT.SG	F	0	JPT.SG	1140364	0.121543	0.748990	0.129467
NA18992.SG	JPT.SG	F	0	JPT.SG	1077007	0.131298	0.824410	0.044293
NA18993.SG	JPT.SG	F	0	JPT.SG	1143285	0.121330	0.743859	0.134811
NA18994.SG	JPT.SG	M	0	JPT.SG	1063381	0.137766	0.798158	0.064076
NA18995.SG	JPT.SG	M	0	JPT.SG	1125379	0.117997	0.751204	0.130798
NA18997.SG	JPT.SG	F	0	JPT.SG	1146040	0.129963	0.725317	0.144720
NA18998.SG	JPT.SG	F	0	JPT.SG	1148279	0.138485	0.772472	0.089043
NA18999.SG	JPT.SG	F	0	JPT.SG	1055898	0.114524	0.875044	0.010432
NA19000.SG	JPT.SG	M	0	JPT.SG	999179	0.119009	0.880981	0.000010
NA19001.SG	JPT.SG	F	0	JPT.SG	1146757	0.091594	0.792276	0.116130
NA19002.SG	JPT.SG	F	0	JPT.SG	1077370	0.138844	0.807833	0.053323
NA19003.SG	JPT.SG	F	0	JPT.SG	1007648	0.103767	0.896223	0.000010
NA19004.SG	JPT.SG	M	0	JPT.SG	1127241	0.122685	0.871970	0.005345
NA19005.SG	JPT.SG	M	0	JPT.SG	1099550	0.090875	0.909115	0.000010
NA19006.SG	JPT.SG	M	0	JPT.SG	1144574	0.130297	0.799410	0.070293
NA19007.SG	JPT.SG	M	0	JPT.SG	1067751	0.113397	0.869426	0.017176
NA19009.SG	JPT.SG	M	0	JPT.SG	1044407	0.096819	0.857781	0.045400
NA19010.SG	JPT.SG	F	0	JPT.SG	1140994	0.120404	0.815031	0.064566
NA19011.SG	JPT.SG	F	0	JPT.SG	1146936	0.150411	0.735557	0.114031
NA19012.SG	JPT.SG	M	0	JPT.SG	733480	0.061342	0.938648	0.000010
NA19054.SG	JPT.SG	F	0	JPT.SG	1021682	0.108716	0.891274	0.000010
NA19055.SG	JPT.SG	M	0	JPT.SG	1095654	0.092903	0.907087	0.000010
NA19056.SG	JPT.SG	M	0	JPT.SG	1049219	0.144446	0.855544	0.000010
NA19057.SG	JPT.SG	F	0	JPT.SG	1067880	0.110064	0.873398	0.016538
NA19058.SG	JPT.SG	M	0	JPT.SG	1034057	0.095915	0.904075	0.000010
NA19059.SG	JPT.SG	F	0	JPT.SG	1087778	0.112962	0.887028	0.000010
NA19060.SG	JPT.SG	M	0	JPT.SG	1081099	0.115863	0.884127	0.000010
NA19062.SG	JPT.SG	M	0	JPT.SG	1085620	0.091698	0.895935	0.012367
NA19063.SG	JPT.SG	M	0	JPT.SG	1117996	0.127989	0.860461	0.011550
NA19064.SG	JPT.SG	F	0	JPT.SG	1028495	0.093381	0.906609	0.000010
NA19065.SG	JPT.SG	F	0	JPT.SG	874520	0.074260	0.925730	0.000010
NA19066.SG	JPT.SG	M	0	JPT.SG	883778	0.075704	0.924286	0.000010
NA19067.SG	JPT.SG	M	0	JPT.SG	1085243	0.103457	0.876216	0.020326
NA19068.SG	JPT.SG	M	0	JPT.SG	1004857	0.084721	0.915269	0.000010
NA19070.SG	JPT.SG	M	0	JPT.SG	1110222	0.123650	0.861943	0.014407
NA19072.SG	JPT.SG	M	0	JPT.SG	1145693	0.113860	0.739963	0.146177
NA19074.SG	JPT.SG	F	0	JPT.SG	1130798	0.111413	0.776833	0.111754
NA19075.SG	JPT.SG	M	0	JPT.SG	1084365	0.136235	0.726195	0.137570
NA19076.SG	JPT.SG	M	0	JPT.SG	1074945	0.120054	0.777097	0.102849
NA19077.SG	JPT.SG	F	0	JPT.SG	1115359	0.115831	0.783952	0.100216
NA19078.SG	JPT.SG	F	0	JPT.SG	1142125	0.136021	0.741255	0.122724
NA19079.SG	JPT.SG	M	0	JPT.SG	1045115	0.107686	0.892304	0.000010
NA19080.SG	JPT.SG	F	0	JPT.SG	981879	0.100820	0.899170	0.000010
NA19081.SG	JPT.SG	F	0	JPT.SG	951827	0.147373	0.820485	0.032141
NA19082.SG	JPT.SG	M	0	JPT.SG	1085225	0.123206	0.756244	0.120551
NA19083.SG	JPT.SG	M	0	JPT.SG	1123519	0.134802	0.813720	0.051477
NA19084.SG	JPT.SG	F	0	JPT.SG	1034062	0.072131	0.927859	0.000010
NA19085.SG	JPT.SG	M	0	JPT.SG	1146608	0.123314	0.786649	0.090038
NA19086.SG	JPT.SG	M	0	JPT.SG	1142974	0.142091	0.746713	0.111196
NA19087.SG	JPT.SG	F	0	JPT.SG	1086191	0.097579	0.902411	0.000010
NA19088.SG	JPT.SG	M	0	JPT.SG	1062392	0.117787	0.849106	0.033108
NA19089.SG	JPT.SG	M	0	JPT.SG	1145984	0.141234	0.773706	0.085059
NA19090.SG	JPT.SG	F	0	JPT.SG	1145801	0.120502	0.732354	0.147145
NA19091.SG	JPT.SG	M	0	JPT.SG	1144857	0.135339	0.739463	0.125198
HG01595.SG	KHV.SG	F	0	KHV.SG	1115596	0.001310	0.175862	0.822828
HG01596.SG	KHV.SG	M	0	KHV.SG	1093594	0.008040	0.118511	0.873449
HG01597.SG	KHV.SG	F	0	KHV.SG	1138083	0.009041	0.101059	0.889900
HG01598.SG	KHV.SG	F	0	KHV.SG	1112242	0.000010	0.150005	0.849985
HG01599.SG	KHV.SG	F	0	KHV.SG	1123159	0.003067	0.169840	0.827094
HG01600.SG	KHV.SG	F	0	KHV.SG	1137803	0.000010	0.179360	0.820630
HG01840.SG	KHV.SG	M	0	KHV.SG	1129566	0.002800	0.192241	0.804959
HG01841.SG	KHV.SG	F	0	KHV.SG	1132094	0.005188	0.133031	0.861781
HG01842.SG	KHV.SG	M	0	KHV.SG	1125427	0.000010	0.176856	0.823134
HG01843.SG	KHV.SG	F	0	KHV.SG	1129346	0.000544	0.171724	0.827732
HG01844.SG	KHV.SG	M	0	KHV.SG	1141050	0.003419	0.170053	0.826528
HG01845.SG	KHV.SG	F	0	KHV.SG	1139925	0.002777	0.185732	0.811491
HG01846.SG	KHV.SG	M	0	KHV.SG	1141405	0.000010	0.173680	0.826310
HG01847.SG	KHV.SG	F	0	KHV.SG	1139927	0.003799	0.125281	0.870919
HG01848.SG	KHV.SG	F	0	KHV.SG	1139420	0.005567	0.141209	0.853225
HG01849.SG	KHV.SG	M	0	KHV.SG	1142700	0.011055	0.129638	0.859306
HG01850.SG	KHV.SG	F	0	KHV.SG	1140381	0.016226	0.131467	0.852307
HG01851.SG	KHV.SG	F	0	KHV.SG	1141627	0.000010	0.135050	0.864940
HG01852.SG	KHV.SG	M	0	KHV.SG	1136901	0.000010	0.167873	0.832117
HG01853.SG	KHV.SG	F	0	KHV.SG	1136494	0.004322	0.144663	0.851015
HG01855.SG	KHV.SG	F	0	KHV.SG	1135518	0.000010	0.178523	0.821467
HG01857.SG	KHV.SG	F	0	KHV.SG	1136262	0.000065	0.172738	0.827197
HG01858.SG	KHV.SG	F	0	KHV.SG	1137572	0.000010	0.160031	0.839959
HG01859.SG	KHV.SG	F	0	KHV.SG	1135594	0.004396	0.163029	0.832576
HG01860.SG	KHV.SG	M	0	KHV.SG	1145421	0.000010	0.121775	0.878215
HG01861.SG	KHV.SG	M	0	KHV.SG	1143526	0.000010	0.177308	0.822682
HG01862.SG	KHV.SG	F	0	KHV.SG	1137056	0.002489	0.209430	0.788081
HG01863.SG	KHV.SG	F	0	KHV.SG	1138891	0.000010	0.202180	0.797810
HG01864.SG	KHV.SG	M	0	KHV.SG	1139753	0.007879	0.190548	0.801572
HG01865.SG	KHV.SG	M	0	KHV.SG	1144377	0.003621	0.185277	0.811102
HG01866.SG	KHV.SG	M	0	KHV.SG	1115075	0.005731	0.167203	0.827066
HG01867.SG	KHV.SG	M	0	KHV.SG	1136357	0.011069	0.191713	0.797218
HG01868.SG	KHV.SG	F	0	KHV.SG	1137872	0.009647	0.145182	0.845170
HG01869.SG	KHV.SG	F	0	KHV.SG	1139200	0.000010	0.164150	0.835840
HG01870.SG	KHV.SG	F	0	KHV.SG	1149772	0.005098	0.119861	0.875041
HG01871.SG	KHV.SG	F	0	KHV.SG	1149731	0.006186	0.144830	0.848984
HG01872.SG	KHV.SG	M	0	KHV.SG	1149855	0.007045	0.216946	0.776009
HG01873.SG	KHV.SG	M	0	KHV.SG	1150038	0.000010	0.170201	0.829789
HG01874.SG	KHV.SG	F	0	KHV.SG	1149717	0.002223	0.168629	0.829148
HG01878.SG	KHV.SG	F	0	KHV.SG	1149770	0.009700	0.163581	0.826719
HG02017.SG	KHV.SG	M	0	KHV.SG	1127838	0.010570	0.143820	0.845611
HG02019.SG	KHV.SG	F	0	KHV.SG	1109459	0.014677	0.144385	0.840938
HG02020.SG	KHV.SG	M	0	KHV.SG	1140876	0.009410	0.099826	0.890765
HG02023.SG	KHV.SG	M	0	KHV.SG	1136536	0.006756	0.138974	0.854271
HG02024.SG	KHV.SG	F	0	KHV.SG	1148670	0.000010	0.104238	0.895752
HG02025.SG	KHV.SG	F	0	KHV.SG	1149731	0.000010	0.120569	0.879421
HG02026.SG	KHV.SG	M	0	KHV.SG	1149826	0.000010	0.117316	0.882674
HG02028.SG	KHV.SG	F	0	KHV.SG	1114214	0.011121	0.129799	0.859080
HG02029.SG	KHV.SG	M	0	KHV.SG	1141784	0.000010	0.307875	0.692115
HG02031.SG	KHV.SG	F	0	KHV.SG	1108070	0.000010	0.195889	0.804101
HG02032.SG	KHV.SG	M	0	KHV.SG	1146921	0.000010	0.275454	0.724536
HG02035.SG	KHV.SG	M	0	KHV.SG	1135922	0.011581	0.145837	0.842582
HG02040.SG	KHV.SG	M	0	KHV.SG	1131243	0.004989	0.153615	0.841396
HG02046.SG	KHV.SG	F	0	KHV.SG	1130420	0.003597	0.080768	0.915635
HG02047.SG	KHV.SG	M	0	KHV.SG	1134877	0.011695	0.099316	0.888989
HG02048.SG	KHV.SG	F	0	KHV.SG	1149787	0.009033	0.130880	0.860087
HG02049.SG	KHV.SG	F	0	KHV.SG	1149314	0.006887	0.111500	0.881614
HG02050.SG	KHV.SG	M	0	KHV.SG	1148365	0.009046	0.148823	0.842131
HG02057.SG	KHV.SG	F	0	KHV.SG	1149689	0.001870	0.167941	0.830189
HG02060.SG	KHV.SG	F	0	KHV.SG	1136165	0.007032	0.145266	0.847702
HG02061.SG	KHV.SG	M	0	KHV.SG	1140020	0.008875	0.162633	0.828492
HG02064.SG	KHV.SG	M	0	KHV.SG	1126542	0.000010	0.165877	0.834113
HG02067.SG	KHV.SG	M	0	KHV.SG	1123329	0.001019	0.108913	0.890068
