IID	Group	Sex	Date	Population	NumSNPs	k1	k2	k3	k4
I19493_in.preparation	BA-S	F	2750.0	Bulgaria_EIA	72615	0.233387	0.132591	0.000010	0.634012
I16326	BA-N	F	2625.0	Czech_IA_Hallstatt	487289	0.428629	0.000010	0.166600	0.404761
I14200	BA-N	M	4328.0	England_BellBeaker_highEEF	158917	0.395268	0.067078	0.145754	0.391900
I2446	BA-N	F	4215.0	England_BellBeaker_highWHG	476279	0.399865	0.180364	0.162969	0.256801
I19043_old	BA-N	F	2200.0	England_MIA_LIA_o1_lc	14802	0.499464	0.110314	0.139270	0.250952
I30333	EF-ADMIX	M	5748.0	England_N_Megalithic	47107	0.034211	0.122525	0.198539	0.644724
I13433	BA-S	F	3200.0	Greece_Delphi_BA_Mycenaean	61071	0.204055	0.277471	0.000010	0.518464
I13531	BA-S	F	3200.0	Greece_Delphi_BA_Mycenaean	66140	0.241291	0.293921	0.000010	0.464778
I13580	BA-S	M	3169.0	Greece_Delphi_BA_Mycenaean	133904	0.207869	0.333863	0.000010	0.458258
I13778	BA-S	M	3234.0	Montenegro_MLBA	829436	0.389177	0.164128	0.000010	0.446685
I1926	EF	M	5649.0	Ukraine_Eneolithic_Trypillia	216396	0.141826	0.032367	0.158161	0.667646
I5870	HG	M	7363.0	Ukraine_N	211381	0.459202	0.000010	0.540778	0.000010
I3719	EF	M	6831.0	Ukraine_Eneolithic_o2	188830	0.068288	0.056373	0.000010	0.875329
I3716	HG	M	7347.0	Ukraine_N	93708	0.437965	0.000010	0.546779	0.015246
I5872	HG	M	7374.0	Ukraine_N	95751	0.452744	0.000010	0.547236	0.000010
I14688	BA-S	M	2450.0	Albania_BA_IA	765405	0.362295	0.135418	0.000010	0.502277
I14690	BA-S	M	3000.0	Albania_BA_IA	748453	0.368967	0.109631	0.023624	0.497778
I14692	BA-S	F	2900.0	Albania_BA_IA	799291	0.354177	0.133481	0.012817	0.499524
I16251	BA-S	M	2500.0	Albania_BA_IA	422282	0.361186	0.071747	0.017666	0.549402
I16254	BA-S	M	2450.0	Albania_BA_IA	149756	0.368444	0.071026	0.012040	0.548490
I16256	BA-S	F	2500.0	Albania_BA_IA_1d.rel.I17633	286692	0.412971	0.000010	0.017226	0.569793
I17640	BA-N	M	2450.0	Albania_BA_IA_lc	6236	0.364101	0.042602	0.201285	0.392012
I17623	BA-S	M	1050.0	Albania_BA_IA_o_lc	5002	0.358621	0.173582	0.000010	0.467786
I14691	BA-S	F	3500.0	Albania_BA_IA_o2_lc	4178	0.353591	0.040845	0.000010	0.605554
I15705	EF	F	8096.0	Albania_EN_oEEF	99632	0.035871	0.123669	0.000010	0.840450
I16253	BA-S	M	2426.0	Albania_IA	377693	0.372453	0.050893	0.022869	0.553785
I13838	EF	M	6200.0	Albania_LN_C	838393	0.063583	0.140997	0.000010	0.795410
I13840	EF	M	6102.0	Albania_LN_C	846242	0.044067	0.154572	0.000010	0.801350
I8471	BA-S	M	3745.0	Albania_MBA	176868	0.356576	0.234649	0.014810	0.393965
I13839	BA-S	F	1014.0	Albania_Medieval	813107	0.333410	0.172103	0.000010	0.494477
I14622	BA-S	M	1121.0	Albania_Medieval	675003	0.385757	0.042665	0.000010	0.571568
I14685	BA-S	F	400.0	Albania_Modern	766093	0.370596	0.152612	0.013939	0.462854
I15706	BA-S	M	320.0	Albania_Modern	798528	0.362271	0.216018	0.015907	0.405804
I14686	BA-S	M	400.0	Albania_Modern_oCaucasus	780568	0.330679	0.183925	0.002201	0.483195
I14687	BA-S	M	400.0	Albania_Modern_oCaucasus	723706	0.353108	0.133419	0.000010	0.513463
I15707	BA-S	M	399.0	Albania_Modern_oCaucasus	792864	0.332679	0.167368	0.000010	0.499943
I5068	EF	M	7088.0	Austria_EN_LBK	322819	0.042685	0.162380	0.046866	0.748069
I5069	EF	F	6961.0	Austria_EN_LBK	842569	0.028165	0.192487	0.030571	0.748778
I11699	BA-S	F	2300.0	Austria_IA_LaTene	850709	0.348723	0.148665	0.088050	0.414562
I11701	BA-S	M	2300.0	Austria_IA_LaTene	853050	0.373074	0.141602	0.051271	0.434053
I11708	BA-S	F	2300.0	Austria_IA_LaTene	810008	0.348300	0.090663	0.098161	0.462876
I5208	EF	F	7150.0	Austria_N_LBK	897878	0.020007	0.174924	0.021402	0.783667
I6912_noUDG	EF	M	7088.0	Austria_N_LBK	39670	0.310091	0.211048	0.056622	0.422239
I5205	EF	F	7150.0	Austria_N_LBK	830976	0.062938	0.050015	0.027610	0.859436
I5206	EF	F	7150.0	Austria_N_LBK	810752	0.044563	0.065092	0.022897	0.867448
I5207	EF	M	7150.0	Austria_N_LBK	903978	0.017446	0.189724	0.026623	0.766207
I19561	BA-N	M	702.0	BosniaHerzegovina_Medieval	450698	0.462605	0.262773	0.079630	0.194992
Bul6	EF	M	4450.0	Bulgaria_BeliBreyag_EBA	377194	0.190197	0.000010	0.106654	0.703139
Bul8	EF	M	4450.0	Bulgaria_BeliBreyag_EBA	18835	0.194055	0.000010	0.132234	0.673701
I0781	EF	F	6404.0	Bulgaria_C	478719	0.077621	0.254580	0.008357	0.659442
I0785	EF	F	6353.0	Bulgaria_C	75744	0.039689	0.269783	0.000010	0.690518
I2423	EF	F	6381.0	Bulgaria_C	499189	0.113059	0.000010	0.049277	0.837654
I2424	EF	F	6288.0	Bulgaria_C	651781	0.131706	0.037379	0.044505	0.786410
I2425	EF	F	6475.0	Bulgaria_C	212849	0.152667	0.000010	0.046589	0.800734
I2427	EF	F	6326.0	Bulgaria_C	660742	0.121483	0.007798	0.017587	0.853132
I2428	EF	M	6400.0	Bulgaria_C	73718	0.104153	0.238112	0.029917	0.627819
I2430	EF	M	6448.0	Bulgaria_C	606182	0.120763	0.007713	0.060019	0.811505
I2431	EF	M	6624.0	Bulgaria_C	723399	0.131078	0.029161	0.070841	0.768920
I2509	EF	F	6350.0	Bulgaria_C	859182	0.107337	0.008637	0.029961	0.854066
I2519	EF	F	6237.0	Bulgaria_C	764671	0.137174	0.000010	0.000010	0.862806
I2526	EF	F	7293.0	Bulgaria_C	372821	0.071229	0.000010	0.000010	0.928751
I2181	BA-N	M	6458.0	Bulgaria_C_oSteppe	70392	0.433273	0.000010	0.056789	0.509928
I2426	EF	M	6302.0	Bulgaria_C	29922	0.147954	0.000010	0.054575	0.797460
I19451	BA-S	F	4450.0	Bulgaria_EBA	348955	0.238135	0.027263	0.102793	0.631810
I19452	BA-S	M	4450.0	Bulgaria_EBA	372134	0.229205	0.028108	0.099292	0.643396
I19453	BA-S	F	4450.0	Bulgaria_EBA	58535	0.339181	0.000010	0.057567	0.603241
I19454	BA-S	M	4450.0	Bulgaria_EBA	468636	0.219492	0.039306	0.109894	0.631308
I19456_d	BA-S	M	4450.0	Bulgaria_EBA	64509	0.249151	0.000010	0.073836	0.677003
I19459	BA-S	F	4325.0	Bulgaria_EBA	219901	0.380626	0.000010	0.043249	0.576116
I19460	BA-S	F	4325.0	Bulgaria_EBA	141934	0.409231	0.000010	0.029289	0.561470
I19462	BA-S	F	4450.0	Bulgaria_EBA	87391	0.410457	0.000010	0.054633	0.534900
I2175	BA-S	M	5097.0	Bulgaria_EBA	416933	0.191937	0.065964	0.106626	0.635473
I2180	BA-S	F	4959.0	Bulgaria_EBA	839366	0.206016	0.119017	0.161111	0.513855
I2520	BA-S	M	5153.0	Bulgaria_EBA	780304	0.201287	0.000010	0.150751	0.647952
I2177	BA-S	M	5150.0	Bulgaria_EBA_1d.rel.I2176	34472	0.188667	0.301079	0.130886	0.379367
Bul10	BA-S	F	4951.0	Bulgaria_EBA_Ezero	70039	0.220131	0.000010	0.106123	0.673736
I12834	EF	M	4950.0	Bulgaria_EBA_Ezero_lc	10664	0.209756	0.177618	0.051023	0.561603
I20182	BA-S	M	4100.0	Bulgaria_EBA_MBA	781393	0.440232	0.112771	0.000010	0.446987
I2510	EF	M	4794.0	Bulgaria_EBA_o1	806624	0.129393	0.002620	0.020490	0.847497
I2165	BA-S	M	4910.0	Bulgaria_EBA_o2	839875	0.356421	0.024391	0.132347	0.486840
I19458	BA-S	M	4337.0	Bulgaria_EBA_oNorth	217402	0.418416	0.000010	0.048002	0.533572
I19457_in.preparation	BA-S	M	4325.0	Bulgaria_EBA_oNorth_in.preparation	189726	0.487565	0.000010	0.008047	0.504377
I15844	BA-S	F	2850.0	Bulgaria_EIA	48173	0.288960	0.031361	0.005814	0.673866
I19481	BA-S	F	2550.0	Bulgaria_EIA	183315	0.233954	0.274652	0.000010	0.491384
I19487	EF	M	2750.0	Bulgaria_EIA	21554	0.244274	0.092931	0.028759	0.634036
I19490	BA-S	M	2750.0	Bulgaria_EIA	48244	0.242104	0.297872	0.000010	0.460014
I19494	EF	M	2750.0	Bulgaria_EIA	33750	0.210978	0.142958	0.019360	0.626705
I19497	EF	F	2750.0	Bulgaria_EIA	26390	0.243590	0.202409	0.017057	0.536943
I20180	BA-S	M	2750.0	Bulgaria_EIA	788152	0.238345	0.135100	0.000010	0.626545
I20181	BA-S	M	2750.0	Bulgaria_EIA	840352	0.254194	0.191304	0.000010	0.554492
I20183	BA-S	M	2750.0	Bulgaria_EIA	792883	0.259272	0.173367	0.011330	0.556031
I20184	EF	F	2750.0	Bulgaria_EIA	815708	0.206704	0.185053	0.000010	0.608233
I20185	BA-S	M	2750.0	Bulgaria_EIA	864002	0.231495	0.214231	0.000010	0.554265
I20186	BA-S	M	2750.0	Bulgaria_EIA	858693	0.221564	0.191760	0.000010	0.586666
I15848	BA-S	F	2850.0	Bulgaria_EIA_lc	8540	0.236823	0.163229	0.000010	0.599938
I19495	BA-S	M	2750.0	Bulgaria_EIA_lc	14247	0.240434	0.153388	0.001215	0.604963
I5769	BA-S	F	2592.0	Bulgaria_IA	703916	0.298107	0.000010	0.000010	0.701873
I18792	BA-S	M	1550.0	Bulgaria_LateAntiquity	133967	0.238405	0.165061	0.000010	0.596523
I19500	BA-S	M	2200.0	Bulgaria_LIA	417100	0.271348	0.299570	0.000010	0.429072
I1113	BA-S	F	7550.0	Bulgaria_MalakPreslavets_N	235592	0.141963	0.000010	0.253322	0.604705
I1295	EF	M	7550.0	Bulgaria_MalakPreslavets_N	150402	0.131537	0.000010	0.140786	0.727667
I1297	EF-ADMIX	F	7550.0	Bulgaria_MalakPreslavets_N	118464	0.111035	0.000010	0.178471	0.710484
I1109	EF	F	7550.0	Bulgaria_MalakPreslavets_N_oHighEEF	254410	0.101541	0.000010	0.068577	0.829873
I3879	EF	M	7550.0	Bulgaria_MalakPreslavets_N_oHighEEF	153526	0.056070	0.000010	0.000010	0.943910
I2216	EF	F	7839.0	Bulgaria_MalakPreslavets_N_oHighEEF	62788	0.091499	0.000010	0.038900	0.869590
I1108	BA-S	M	7550.0	Bulgaria_MalakPreslavets_N_oLowEEF	269090	0.157791	0.000010	0.249333	0.592865
I6354	BA-S	M	7550.0	Bulgaria_MalakPreslavets_N_oLowEEF	49324	0.147216	0.084610	0.309780	0.458394
I0700	BA-S	M	7550.0	Bulgaria_MalakPreslavets_N_oLowEEF_1d.rel.I1108	359115	0.141429	0.028357	0.285699	0.544515
I1296	BA-S	M	7634.0	Bulgaria_MalakPreslavets_N	52479	0.121675	0.000010	0.177057	0.701258
I2215	BA-S	M	7976.0	Bulgaria_MalakPreslavets_N	84456	0.201260	0.000010	0.137004	0.661726
I10548	BA-S	F	825.0	Bulgaria_Medieval	820428	0.408961	0.242152	0.040768	0.308119
I11134	EF	F	7725.0	Bulgaria_N	728158	0.076529	0.110023	0.000010	0.813438
I11135	EF	M	7725.0	Bulgaria_N	750487	0.081127	0.105835	0.000010	0.813028
I11270	EF	M	7725.0	Bulgaria_N	320215	0.054894	0.129814	0.013431	0.801862
I2521	EF	M	7503.0	Bulgaria_N	786781	0.089803	0.025071	0.000010	0.885116
I2528	EF-ADMIX	F	7641.0	Bulgaria_N_lc	3664	0.068049	0.000010	0.000010	0.931931
I17981	EF	F	7725.0	Bulgaria_N_o	824105	0.115543	0.093412	0.043173	0.747872
I0706	EF	M	7899.0	Bulgaria_N_oEEF	250278	0.081506	0.081052	0.152325	0.685117
I0698	EF	M	7900.0	Bulgaria_N	712964	0.079708	0.004171	0.011039	0.905082
I0704	EF	F	7892.0	Bulgaria_N	97093	0.068952	0.034982	0.000010	0.896056
I1298	EF	F	7883.0	Bulgaria_N	95777	0.080019	0.000010	0.016298	0.903674
I2529	EF	M	7610.0	Bulgaria_N	617150	0.135268	0.000010	0.000010	0.864712
ANI160	EF	M	6533.0	Bulgaria_Varna_C	60856	0.172943	0.000010	0.067625	0.759422
ANI159-ANI181	EF	M	6566.0	Bulgaria_Varna_C	412706	0.154403	0.000010	0.075431	0.770156
ANI152	BA-S	M	6462.0	Bulgaria_Varna_C_o	25428	0.210806	0.062121	0.051597	0.675476
ANI153	BA-S	M	6434.0	Bulgaria_Varna_C_o2	22625	0.148116	0.043100	0.059959	0.748825
NA06984.SG	CEU.SG	M	0	CEU.SG	1144596	0.385931	0.492658	0.089671	0.031739
NA06985.SG	CEU.SG	F	0	CEU.SG	1149735	0.405339	0.530950	0.063701	0.000010
NA06986.SG	CEU.SG	M	0	CEU.SG	1149312	0.405400	0.502877	0.091713	0.000010
NA06989.SG	CEU.SG	F	0	CEU.SG	1121324	0.408731	0.493241	0.098019	0.000010
NA06994.SG	CEU.SG	M	0	CEU.SG	1127461	0.372791	0.555418	0.071780	0.000010
NA07000.SG	CEU.SG	F	0	CEU.SG	1149623	0.416195	0.477880	0.090478	0.015448
NA07037.SG	CEU.SG	F	0	CEU.SG	1148762	0.407527	0.475980	0.086556	0.029937
NA07048.SG	CEU.SG	M	0	CEU.SG	1099702	0.389820	0.544368	0.065803	0.000010
NA07051.SG	CEU.SG	M	0	CEU.SG	1015304	0.399976	0.522447	0.077567	0.000010
NA07056.SG	CEU.SG	F	0	CEU.SG	1134138	0.408277	0.485447	0.086195	0.020081
NA07347.SG	CEU.SG	M	0	CEU.SG	1148977	0.385001	0.542317	0.066256	0.006425
NA07357.SG	CEU.SG	M	0	CEU.SG	1142624	0.390792	0.491510	0.084956	0.032742
NA10847.SG	CEU.SG	F	0	CEU.SG	1149857	0.426410	0.468328	0.076486	0.028777
NA10851.SG	CEU.SG	M	0	CEU.SG	1136639	0.416631	0.488591	0.093843	0.000935
NA11829.SG	CEU.SG	M	0	CEU.SG	1147598	0.378025	0.510435	0.111531	0.000010
NA11830.SG	CEU.SG	F	0	CEU.SG	979266	0.348242	0.565870	0.085878	0.000010
NA11831.SG	CEU.SG	M	0	CEU.SG	1117650	0.362678	0.571097	0.066216	0.000010
NA11832.SG	CEU.SG	F	0	CEU.SG	1149861	0.375362	0.533572	0.070853	0.020213
NA11840.SG	CEU.SG	F	0	CEU.SG	1146082	0.392569	0.515868	0.091553	0.000010
NA11843.SG	CEU.SG	M	0	CEU.SG	1138016	0.412845	0.495050	0.092095	0.000010
NA11881.SG	CEU.SG	M	0	CEU.SG	1147539	0.436011	0.480520	0.066983	0.016486
NA11892.SG	CEU.SG	F	0	CEU.SG	1147043	0.389759	0.502374	0.083814	0.024053
NA11893.SG	CEU.SG	M	0	CEU.SG	1139735	0.390076	0.513459	0.086481	0.009983
NA11894.SG	CEU.SG	F	0	CEU.SG	1138415	0.412828	0.490965	0.085186	0.011021
NA11918.SG	CEU.SG	F	0	CEU.SG	1145779	0.408232	0.515448	0.066902	0.009418
NA11919.SG	CEU.SG	M	0	CEU.SG	1148794	0.406019	0.521754	0.072218	0.000010
NA11920.SG	CEU.SG	F	0	CEU.SG	1148405	0.405534	0.510432	0.084024	0.000010
NA11930.SG	CEU.SG	M	0	CEU.SG	1146527	0.396336	0.512728	0.077251	0.013685
NA11931.SG	CEU.SG	F	0	CEU.SG	1136376	0.417706	0.471516	0.084966	0.025813
NA11932.SG	CEU.SG	M	0	CEU.SG	1142411	0.376400	0.510312	0.089530	0.023758
NA11933.SG	CEU.SG	F	0	CEU.SG	1144231	0.387590	0.523845	0.086120	0.002445
NA11992.SG	CEU.SG	M	0	CEU.SG	1131347	0.358978	0.577804	0.063208	0.000010
NA11994.SG	CEU.SG	M	0	CEU.SG	1149300	0.400666	0.527503	0.071821	0.000010
NA11995.SG	CEU.SG	F	0	CEU.SG	1119754	0.363642	0.552839	0.083509	0.000010
NA12003.SG	CEU.SG	M	0	CEU.SG	1131806	0.376434	0.511413	0.112144	0.000010
NA12004.SG	CEU.SG	F	0	CEU.SG	1149225	0.362964	0.527706	0.097828	0.011502
NA12005.SG	CEU.SG	M	0	CEU.SG	1149648	0.394762	0.533924	0.071304	0.000010
NA12006.SG	CEU.SG	F	0	CEU.SG	1149229	0.399271	0.522234	0.078486	0.000010
NA12043.SG	CEU.SG	M	0	CEU.SG	1136765	0.404466	0.468689	0.096500	0.030346
NA12044.SG	CEU.SG	F	0	CEU.SG	1149362	0.384438	0.535450	0.080103	0.000010
NA12045.SG	CEU.SG	M	0	CEU.SG	1148646	0.377449	0.521334	0.087358	0.013859
NA12046.SG	CEU.SG	F	0	CEU.SG	1145610	0.406434	0.520611	0.072945	0.000010
NA12058.SG	CEU.SG	F	0	CEU.SG	1144911	0.426689	0.485344	0.075679	0.012288
NA12144.SG	CEU.SG	M	0	CEU.SG	1149507	0.396464	0.489412	0.049713	0.064411
NA12154.SG	CEU.SG	M	0	CEU.SG	1138143	0.371304	0.556159	0.072527	0.000010
NA12155.SG	CEU.SG	M	0	CEU.SG	1146750	0.375230	0.538641	0.086118	0.000010
NA12156.SG	CEU.SG	F	0	CEU.SG	1138839	0.394442	0.521893	0.083655	0.000010
NA12234.SG	CEU.SG	F	0	CEU.SG	1141822	0.399732	0.503242	0.077969	0.019057
NA12249.SG	CEU.SG	F	0	CEU.SG	1079458	0.452442	0.469548	0.077999	0.000010
NA12272.SG	CEU.SG	M	0	CEU.SG	1057914	0.359969	0.539963	0.081414	0.018654
NA12273.SG	CEU.SG	F	0	CEU.SG	1143007	0.383912	0.498514	0.085785	0.031789
NA12275.SG	CEU.SG	F	0	CEU.SG	1047706	0.373375	0.550106	0.076509	0.000010
NA12282.SG	CEU.SG	M	0	CEU.SG	1145155	0.381446	0.546769	0.071775	0.000010
NA12283.SG	CEU.SG	F	0	CEU.SG	1144405	0.405394	0.514661	0.054227	0.025719
NA12286.SG	CEU.SG	M	0	CEU.SG	1145592	0.384732	0.507278	0.097826	0.010164
NA12287.SG	CEU.SG	F	0	CEU.SG	1133930	0.410546	0.463555	0.084215	0.041685
NA12340.SG	CEU.SG	M	0	CEU.SG	1137377	0.425696	0.511497	0.062797	0.000010
NA12341.SG	CEU.SG	F	0	CEU.SG	1055795	0.403607	0.522346	0.074037	0.000010
NA12342.SG	CEU.SG	M	0	CEU.SG	1148390	0.395792	0.536130	0.068069	0.000010
NA12347.SG	CEU.SG	M	0	CEU.SG	1147607	0.416754	0.481705	0.099302	0.002239
NA12348.SG	CEU.SG	F	0	CEU.SG	1147552	0.430735	0.487716	0.081539	0.000010
NA12383.SG	CEU.SG	F	0	CEU.SG	1148346	0.382548	0.482769	0.081083	0.053600
NA12399.SG	CEU.SG	M	0	CEU.SG	1102717	0.363386	0.545223	0.091381	0.000010
NA12400.SG	CEU.SG	F	0	CEU.SG	1089284	0.373656	0.549982	0.076352	0.000010
NA12413.SG	CEU.SG	M	0	CEU.SG	1145741	0.379833	0.480238	0.078698	0.061231
NA12414.SG	CEU.SG	F	0	CEU.SG	1147783	0.394311	0.529692	0.075987	0.000010
NA12489.SG	CEU.SG	F	0	CEU.SG	1147570	0.358208	0.535848	0.105934	0.000010
NA12546.SG	CEU.SG	M	0	CEU.SG	1147927	0.415306	0.492908	0.062735	0.029051
NA12716.SG	CEU.SG	M	0	CEU.SG	1141944	0.422591	0.486557	0.090842	0.000010
NA12717.SG	CEU.SG	F	0	CEU.SG	1144375	0.426040	0.487744	0.073297	0.012919
NA12718.SG	CEU.SG	F	0	CEU.SG	1084241	0.409504	0.520953	0.069533	0.000010
NA12748.SG	CEU.SG	M	0	CEU.SG	1145284	0.413714	0.500398	0.085740	0.000149
NA12749.SG	CEU.SG	F	0	CEU.SG	1148583	0.415496	0.481427	0.078031	0.025047
NA12750.SG	CEU.SG	M	0	CEU.SG	1149105	0.384072	0.477272	0.094891	0.043765
NA12751.SG	CEU.SG	F	0	CEU.SG	1146730	0.420158	0.483326	0.096506	0.000010
NA12760.SG	CEU.SG	M	0	CEU.SG	1147130	0.389944	0.533716	0.076330	0.000010
NA12761.SG	CEU.SG	F	0	CEU.SG	1143941	0.422745	0.494290	0.079414	0.003550
NA12762.SG	CEU.SG	M	0	CEU.SG	1144770	0.386857	0.532527	0.080606	0.000010
NA12763.SG	CEU.SG	F	0	CEU.SG	1147470	0.413738	0.488353	0.076499	0.021410
NA12775.SG	CEU.SG	M	0	CEU.SG	1149052	0.422971	0.497040	0.073077	0.006911
NA12776.SG	CEU.SG	F	0	CEU.SG	1139080	0.419676	0.476181	0.103268	0.000875
NA12777.SG	CEU.SG	M	0	CEU.SG	1148657	0.409376	0.500028	0.068629	0.021967
NA12778.SG	CEU.SG	F	0	CEU.SG	1147300	0.403656	0.488827	0.088406	0.019111
NA12812.SG	CEU.SG	M	0	CEU.SG	1147305	0.403344	0.485448	0.089189	0.022019
NA12813.SG	CEU.SG	F	0	CEU.SG	1129213	0.378331	0.560765	0.060895	0.000010
NA12814.SG	CEU.SG	M	0	CEU.SG	1137191	0.440233	0.486399	0.066775	0.006593
NA12815.SG	CEU.SG	F	0	CEU.SG	1141838	0.433567	0.463333	0.087328	0.015773
NA12827.SG	CEU.SG	M	0	CEU.SG	1145770	0.426844	0.493506	0.079640	0.000010
NA12828.SG	CEU.SG	F	0	CEU.SG	1135948	0.401265	0.473725	0.079087	0.045924
NA12829.SG	CEU.SG	M	0	CEU.SG	1142646	0.363123	0.527427	0.098488	0.010963
NA12830.SG	CEU.SG	F	0	CEU.SG	1144686	0.397007	0.531995	0.070988	0.000010
NA12842.SG	CEU.SG	M	0	CEU.SG	1141525	0.408281	0.515644	0.076065	0.000010
NA12843.SG	CEU.SG	F	0	CEU.SG	1144015	0.425077	0.502463	0.072450	0.000010
NA12872.SG	CEU.SG	M	0	CEU.SG	1147669	0.416239	0.492026	0.081830	0.009904
NA12873.SG	CEU.SG	F	0	CEU.SG	1141951	0.417395	0.473450	0.085192	0.023963
NA12874.SG	CEU.SG	M	0	CEU.SG	1143098	0.409421	0.482239	0.081828	0.026512
NA12878.SG	CEU.SG	F	0	CEU.SG	1128110	0.435289	0.500855	0.063845	0.000010
NA12889.SG	CEU.SG	M	0	CEU.SG	1144998	0.416157	0.524023	0.044362	0.015457
NA12890.SG	CEU.SG	F	0	CEU.SG	1143522	0.415655	0.499433	0.084902	0.000010
I16435_d	EF-ADMIX	U	5531.0	ChannelIslands_C_lc	3694	0.135427	0.008783	0.136507	0.719282
I16436_d	EF-ADMIX	M	5814.0	ChannelIslands_C_lc	6467	0.014875	0.063412	0.090167	0.831545
I26628	BA-N	F	2549.0	ChannelIslands_EIA	214510	0.417854	0.214546	0.093281	0.274318
I26630	BA-N	M	2483.0	ChannelIslands_EIA	16097	0.371203	0.281449	0.113207	0.234140
I16430	BA-N	F	2084.0	ChannelIslands_IA	350480	0.369214	0.081958	0.132701	0.416127
I16505	BA-N	F	2058.0	ChannelIslands_IA	181296	0.412349	0.122359	0.126871	0.338421
I26629	BA-N	F	1990.0	ChannelIslands_LIA_LaTene	118586	0.401181	0.193147	0.122587	0.283085
I16425	EF-ADMIX	F	4929.0	ChannelIslands_LN	501384	0.000010	0.103469	0.306302	0.590219
I16429	EF-ADMIX	M	4935.0	ChannelIslands_LN	70334	0.046976	0.148713	0.320435	0.483876
I16438	EF-ADMIX	M	4384.0	ChannelIslands_LN	196535	0.023864	0.101190	0.269286	0.605660
I16437	EF-ADMIX	F	6091.0	ChannelIslands_MN	171083	0.008548	0.109906	0.144049	0.737496
I16444	EF-ADMIX	M	6048.0	ChannelIslands_MN	718752	0.000010	0.114953	0.164424	0.720614
I16427	EF-ADMIX	M	6057.0	ChannelIslands_MN_o	52160	0.022756	0.080280	0.132566	0.764398
I18712	BA-S	M	3600.0	Croatia_BA	589109	0.384500	0.042547	0.037010	0.535943
I18748	BA-S	M	3700.0	Croatia_BA	534609	0.395362	0.001772	0.008255	0.594610
I20502	EF	M	5950.0	Croatia_C	774410	0.059932	0.164287	0.009173	0.766608
I10045	EF	M	6050.0	Croatia_C_Lasinja	804710	0.074506	0.032427	0.043639	0.849428
I10046	EF	M	6050.0	Croatia_C_Lasinja	672605	0.070168	0.000010	0.034719	0.895102
I10047	EF	M	6050.0	Croatia_C_Lasinja	752618	0.049458	0.017425	0.071214	0.861903
I10048	EF	M	6050.0	Croatia_C_Lasinja	789757	0.071981	0.031709	0.047401	0.848909
I10049	EF	M	6050.0	Croatia_C_Lasinja	820132	0.065777	0.006176	0.063521	0.864527
I10050	EF	F	6050.0	Croatia_C_Lasinja	521320	0.076956	0.012730	0.068948	0.841366
I10052	EF	F	6095.0	Croatia_C_Lasinja	164394	0.088450	0.020668	0.047414	0.843469
I10053	EF	M	6050.0	Croatia_C_Lasinja	622345	0.067519	0.000010	0.059668	0.872803
I10054	EF	M	6050.0	Croatia_C_Lasinja	827663	0.054019	0.000010	0.069544	0.876427
I10056	EF	F	6050.0	Croatia_C_Lasinja	708311	0.077736	0.000010	0.054124	0.868130
I10057	EF	F	6050.0	Croatia_C_Lasinja	757554	0.088925	0.000010	0.041322	0.869743
I10062	EF	M	6050.0	Croatia_C_Lasinja	762553	0.085237	0.000010	0.062757	0.851996
I10063	EF	M	6050.0	Croatia_C_Lasinja	740935	0.071752	0.000010	0.037761	0.890477
I10064	EF	F	6050.0	Croatia_C_Lasinja	641384	0.071388	0.000010	0.055987	0.872616
I10065	EF	F	6050.0	Croatia_C_Lasinja	769062	0.056776	0.000010	0.063414	0.879800
I10069	EF	F	6050.0	Croatia_C_Lasinja	744312	0.094200	0.000010	0.063340	0.842450
I10070	EF	F	6050.0	Croatia_C_Lasinja	825996	0.064021	0.000010	0.075213	0.860757
I10071	EF	F	6050.0	Croatia_C_Lasinja	386023	0.082888	0.000010	0.080710	0.836392
I10072	EF	M	6050.0	Croatia_C_Lasinja	772906	0.086304	0.000092	0.042906	0.870698
I10271	EF	M	6050.0	Croatia_C_Lasinja	624283	0.072957	0.000010	0.069046	0.857987
I10272	EF	F	6023.0	Croatia_C_Lasinja	277642	0.072386	0.000010	0.080285	0.847319
I10273	EF	F	6050.0	Croatia_C_Lasinja	623965	0.062891	0.000010	0.044861	0.892238
I10274	EF	M	6050.0	Croatia_C_Lasinja	139006	0.076892	0.000010	0.047096	0.876003
I10275	EF	F	6050.0	Croatia_C_Lasinja	94061	0.085947	0.000010	0.037277	0.876766
I10291	EF	F	6050.0	Croatia_C_Lasinja	233140	0.085309	0.000010	0.049534	0.865147
I10293	EF	F	6093.0	Croatia_C_Lasinja	784486	0.066697	0.031663	0.076894	0.824747
I10294	EF	M	6050.0	Croatia_C_Lasinja	858333	0.051818	0.018327	0.066902	0.862954
I10295	EF	M	6050.0	Croatia_C_Lasinja	18639	0.049419	0.170436	0.000010	0.780135
I10297	EF	F	6050.0	Croatia_C_Lasinja	895998	0.058122	0.022180	0.057767	0.861931
I10299	EF	F	6050.0	Croatia_C_Lasinja	561151	0.062766	0.000010	0.057559	0.879665
I10303	EF	F	6050.0	Croatia_C_Lasinja	681530	0.092036	0.051821	0.058403	0.797740
I10074	EF	F	6050.0	Croatia_C_Lasinja_daughter.I10068.sister.I10070	44537	0.043954	0.227305	0.027546	0.701195
I10068	EF	M	6050.0	Croatia_C_Lasinja_father.I10070.I10074	788697	0.062205	0.000010	0.060807	0.876978
I10061	EF	M	6050.0	Croatia_C_Lasinja_father.I10294	683405	0.062899	0.000010	0.053451	0.883640
I10292	EF	M	6050.0	Croatia_C_Lasinja_lc	11514	0.069576	0.000010	0.072932	0.857482
I23904	BA-S	F	2642.0	Croatia_EIA	807776	0.385181	0.102306	0.013744	0.498770
I23911	BA-S	M	2765.0	Croatia_EIA	802764	0.367223	0.077479	0.033153	0.522144
I23995	BA-S	M	2729.0	Croatia_EIA	793384	0.394693	0.043488	0.041790	0.520029
I23996	BA-S	F	2744.0	Croatia_EIA	752396	0.369637	0.072857	0.029595	0.527911
I24638	BA-S	M	2658.0	Croatia_EIA	779342	0.369300	0.104705	0.045588	0.480408
I24639	BA-S	M	2658.0	Croatia_EIA	787553	0.399345	0.068241	0.036573	0.495840
I24879	BA-N	F	2599.0	Croatia_EIA	807701	0.398333	0.082275	0.055713	0.463679
I24882	BA-S	M	2599.0	Croatia_EIA	817578	0.366432	0.086899	0.048552	0.498116
I5723	BA-S	M	2374.0	Croatia_EIA	701019	0.359148	0.000010	0.066091	0.574751
I5724	BA-S	M	2232.0	Croatia_EIA	675235	0.373716	0.000010	0.066729	0.559544
I5725	BA-S	M	2554.0	Croatia_EIA	623346	0.390193	0.000010	0.055829	0.553968
I5726	BA-S	F	2407.0	Croatia_EIA	622601	0.392348	0.000010	0.040064	0.567578
I5727	BA-N	F	2586.0	Croatia_EIA	614761	0.408092	0.000010	0.104362	0.487536
I5728	BA-S	F	2224.0	Croatia_EIA	619639	0.354088	0.000010	0.068775	0.577127
I5729	BA-S	M	2920.0	Croatia_EIA	641717	0.376232	0.000010	0.054492	0.569266
I3313	BA-S	F	2722.0	Croatia_EIA_mother.I26742	795860	0.399937	0.032116	0.009534	0.558413
I5071	EF	F	7582.0	Croatia_EN_Impressa	495848	0.022430	0.147808	0.034757	0.795005
I5072	EF	M	7545.0	Croatia_EN_Impressa	629427	0.018998	0.151698	0.018232	0.811071
I3499	BA-S	M	4718.0	Croatia_LateC_EBA_Vucedol	413821	0.402924	0.000010	0.000010	0.597056
I24345	BA-N	M	2900.0	Croatia_LBA_EIA	52173	0.392822	0.209963	0.019319	0.377895
I26742	BA-S	M	2650.0	Croatia_LBA_EIA	925712	0.361648	0.094896	0.013664	0.529792
I24344	BA-N	F	2900.0	Croatia_LBA_EIA_lc	10699	0.391928	0.305889	0.052681	0.249502
I18831	BA-S	M	2201.0	Croatia_LIA	675164	0.393557	0.093916	0.028498	0.484029
I18830	BA-S	M	2201.0	Croatia_LIA_brother.I18831	629724	0.419928	0.059499	0.020786	0.499786
I19017	BA-S	F	3750.0	Croatia_MBA_Cetina	111390	0.391375	0.144122	0.000010	0.464494
I24342	BA-S	M	3410.0	Croatia_MBA	820306	0.350469	0.073091	0.095679	0.480760
I26773	BA-S	F	3325.0	Croatia_MBA	728296	0.407515	0.068334	0.029123	0.495029
I26774	BA-S	F	3325.0	Croatia_MBA	827364	0.367725	0.131524	0.051278	0.449474
I26893	BA-S	F	3325.0	Croatia_MBA	861181	0.404894	0.059419	0.047578	0.488108
I4331	BA-S	M	3519.0	Croatia_MBA	710973	0.382443	0.000010	0.029375	0.588173
I4332	BA-S	F	3508.0	Croatia_MBA	729425	0.376597	0.000010	0.024675	0.598718
I5073	BA-S	M	3573.0	Croatia_MBA	813013	0.309124	0.235092	0.037654	0.418130
I5074	BA-S	M	3385.0	Croatia_MBA	973343	0.337805	0.237677	0.017274	0.407244
I5080	BA-S	M	3631.0	Croatia_MBA	825075	0.323279	0.201914	0.029867	0.444941
I11843	BA-S	M	3750.0	Croatia_MBA_Cetina	392162	0.353187	0.156183	0.022863	0.467767
I18088	BA-S	M	3750.0	Croatia_MBA_Cetina	90025	0.361794	0.249167	0.032641	0.356398
I18745	BA-S	F	3750.0	Croatia_MBA_Cetina	681263	0.396813	0.063982	0.039923	0.499282
I18746	BA-S	M	3750.0	Croatia_MBA_Cetina	631718	0.403323	0.046907	0.021753	0.528017
I18747	BA-S	M	3750.0	Croatia_MBA_Cetina	430883	0.374216	0.000010	0.035834	0.589940
I18752	BA-S	M	3750.0	Croatia_MBA_Cetina	582279	0.430069	0.000010	0.033858	0.536063
I19019	BA-S	F	3750.0	Croatia_MBA_Cetina_dup.I19017	59977	0.408565	0.100879	0.000010	0.490546
I19025	BA-S	M	3750.0	Croatia_MBA_Cetina	19114	0.407177	0.201972	0.000010	0.390841
I19026	BA-S	M	3750.0	Croatia_MBA_Cetina	42738	0.391789	0.197988	0.000010	0.410213
I19027	BA-S	F	3750.0	Croatia_MBA_Cetina	350073	0.361287	0.233918	0.041524	0.363271
I19029	BA-S	M	3750.0	Croatia_MBA_Cetina	74386	0.367343	0.288911	0.000010	0.343736
I19032	BA-S	M	3750.0	Croatia_MBA_Cetina	109008	0.402214	0.087649	0.001919	0.508218
I19022	BA-S	F	3750.0	Croatia_MBA_Cetina_1d.rel.I19027.possible.1d.rel.I19020	49870	0.388837	0.107141	0.004081	0.499941
I19016	BA-S	F	3750.0	Croatia_MBA_Cetina_lc	3185	0.320301	0.264070	0.025488	0.390141
I19020	BA-S	F	3750.0	Croatia_MBA_dup.or.1d.rel.I19017	27291	0.415839	0.195957	0.018407	0.369797
I19030	BA-N	M	3750.0	Croatia_MBA_possible.dup.I19023_lc	5352	0.419141	0.218651	0.092917	0.269291
I15462	BA-S	F	1216.0	Croatia_Medieval	865277	0.329656	0.211795	0.003391	0.455159
I15741	BA-S	F	1096.0	Croatia_Medieval	804520	0.363536	0.193689	0.000010	0.442765
I15743	BA-S	F	1029.0	Croatia_Medieval	818204	0.374326	0.187902	0.010035	0.427738
I15744	BA-S	F	1228.0	Croatia_Medieval	799117	0.343601	0.206589	0.000010	0.449800
I15742	BA-N	F	1232.0	Croatia_Medieval_o	792830	0.433027	0.145638	0.081358	0.339976
I15463	BA-S	F	1200.0	Croatia_Medieval_sister.I15744	796106	0.364522	0.214640	0.000010	0.420829
I18071	BA-N	M	3450.0	Croatia_MLBA	177813	0.364033	0.151336	0.082558	0.402072
I18072	BA-S	M	3450.0	Croatia_MLBA	413567	0.397865	0.164177	0.042967	0.394991
I18073	BA-S	F	3450.0	Croatia_MLBA	161356	0.408670	0.144931	0.063995	0.382403
I18074	BA-S	F	3450.0	Croatia_MLBA	92593	0.300930	0.242396	0.075607	0.381067
I18075	BA-S	M	3450.0	Croatia_MLBA	69444	0.354176	0.224345	0.052195	0.369283
I18077	BA-S	F	3450.0	Croatia_MLBA	442046	0.380627	0.158497	0.046798	0.414079
I18078	BA-S	F	3450.0	Croatia_MLBA	371629	0.386734	0.078837	0.050071	0.484358
I18079	BA-N	F	3450.0	Croatia_MLBA	226715	0.404252	0.126013	0.042918	0.426817
I18082	BA-N	F	3450.0	Croatia_MLBA	436684	0.409303	0.090224	0.054831	0.445642
I18086_d	BA-S	F	3450.0	Croatia_MLBA_lc	12917	0.382150	0.000010	0.025499	0.592341
I18087	BA-S	F	3450.0	Croatia_MLBA	323724	0.378642	0.187106	0.049149	0.385104
I18413	BA-S	F	3100.0	Croatia_MLBA	414143	0.380031	0.024352	0.055507	0.540110
I18414_d	BA-S	F	3100.0	Croatia_MLBA	97670	0.420403	0.000010	0.043537	0.536050
I18415	BA-S	M	3100.0	Croatia_MLBA	722374	0.333582	0.123948	0.065094	0.477376
I18416	BA-S	F	3100.0	Croatia_MLBA	715045	0.352047	0.111196	0.091010	0.445746
I18417	BA-S	M	3100.0	Croatia_MLBA	718847	0.385354	0.104856	0.061277	0.448513
I18720	BA-S	F	3100.0	Croatia_MLBA	458882	0.407049	0.004300	0.045875	0.542776
I18721	BA-N	M	3100.0	Croatia_MLBA	619193	0.459324	0.097433	0.067808	0.375436
I18722	BA-S	F	3100.0	Croatia_MLBA	61266	0.409496	0.074695	0.047742	0.468066
I18723	BA-N	M	3100.0	Croatia_MLBA	588305	0.441987	0.106320	0.072967	0.378726
I18724	BA-S	F	3100.0	Croatia_MLBA	639198	0.382094	0.062416	0.071779	0.483711
I18725	BA-S	M	3100.0	Croatia_MLBA	641989	0.377213	0.032638	0.069229	0.520920
I18727	BA-S	F	3100.0	Croatia_MLBA	451193	0.375341	0.013445	0.045889	0.565325
I18729	BA-S	M	3100.0	Croatia_MLBA	595641	0.404211	0.011960	0.036456	0.547372
I18730	BA-N	F	3100.0	Croatia_MLBA	575760	0.395884	0.000010	0.088422	0.515684
I18732	BA-S	M	3100.0	Croatia_MLBA	608986	0.398852	0.034310	0.084584	0.482254
I18733	BA-S	F	3100.0	Croatia_MLBA	34271	0.406795	0.096637	0.059854	0.436714
I18734	BA-N	F	3100.0	Croatia_MLBA	440524	0.437454	0.018717	0.057476	0.486353
I18737	BA-S	M	3100.0	Croatia_MLBA	558485	0.395859	0.064186	0.049375	0.490580
I18738	BA-S	F	3100.0	Croatia_MLBA	581249	0.413301	0.023755	0.022377	0.540567
I18739	BA-N	F	3100.0	Croatia_MLBA	491742	0.419931	0.000010	0.061310	0.518748
I18735	BA-S	F	3100.0	Croatia_MLBA_1d.rel.I18077	59065	0.420275	0.060499	0.047337	0.471888
I18728	BA-S	F	3100.0	Croatia_MLBA_1d.rel.I18739	27850	0.328959	0.137633	0.088016	0.445392
I18719	BA-N	M	3100.0	Croatia_MLBA_alt	822220	0.401155	0.157961	0.063791	0.377093
I18717	BA-S	M	3100.0	Croatia_MLBA_brother.I18078.father.I18071	507232	0.415012	0.032064	0.065366	0.487558
I18085	BA-S	M	3450.0	Croatia_MLBA_lc	4430	0.312985	0.306285	0.107754	0.272976
I18718_d	BA-S	F	3100.0	Croatia_MLBA_lc	7323	0.327070	0.000010	0.082152	0.590767
I18736	BA-S	F	3100.0	Croatia_MLBA_lc	3510	0.303195	0.026734	0.108336	0.561734
I18827	EF	M	6450.0	Croatia_MN	20970	0.155748	0.000010	0.050440	0.793802
I26738	EF	F	7125.0	Croatia_MN	644850	0.056277	0.089101	0.018520	0.836102
I26741	EF	F	6585.0	Croatia_MN_Sopot	880904	0.037457	0.091358	0.046699	0.824486
I3498	EF	M	7681.0	Croatia_MN_Sopot	493488	0.020779	0.074967	0.000010	0.904243
I4168	EF	F	6588.0	Croatia_MN_Sopot	196903	0.040502	0.072022	0.048749	0.838727
I5077	EF	M	7001.0	Croatia_MN_Sopot	830179	0.031900	0.198806	0.007353	0.761940
I5078	EF	M	6571.0	Croatia_MN_Sopot	838802	0.015007	0.216289	0.012594	0.756110
I7399	EF	F	7078.0	Croatia_MN_Sopot	794945	0.036152	0.152859	0.000010	0.810979
I7538	EF	F	6875.0	Croatia_MN_Sopot_lc	14435	0.016278	0.189334	0.007625	0.786764
I10055	EF	F	7727.0	Croatia_N	670392	0.089457	0.000010	0.045419	0.865114
I3433	EF	F	7800.0	Croatia_N_Cardial	785779	0.027367	0.035882	0.024079	0.912672
I3947	EF	M	7834.0	Croatia_N_Cardial	751310	0.035800	0.017602	0.031284	0.915314
I3948	EF	M	7863.0	Croatia_N_Cardial	754045	0.033647	0.042384	0.000010	0.923959
I4167	EF	M	6635.0	Croatia_N_Starcevo	58386	0.042719	0.166857	0.022475	0.767949
I5079	EF	F	5421.0	Croatia_N_Starcevo	811667	0.040234	0.176596	0.026766	0.756404
I2792	EF	M	4676.0	Croatia_Vucedol	188281	0.055533	0.236379	0.013749	0.694339
I4208	EF	M	5400.0	Cyprus_C	33374	0.072332	0.000010	0.000010	0.927648
I4207	EF	M	9600.0	Cyprus_PPNB	32978	0.080534	0.000010	0.020293	0.899163
I7949	BA-N	M	3022.0	Czech_BA_Veterov_2	838898	0.550141	0.000010	0.098170	0.351678
HOP001	BA-N	M	4240.0	Czech_BellBeaker	942191	0.411302	0.197825	0.109719	0.281154
HOP002	BA-N	F	4177.0	Czech_BellBeaker	125304	0.453907	0.135216	0.092936	0.317941
HOP003	BA-N	M	4250.0	Czech_BellBeaker	826435	0.473538	0.218926	0.082359	0.225178
I4145	BA-N	M	4089.0	Czech_BellBeaker	90611	0.499930	0.094021	0.093951	0.312098
I4885	BA-S	M	4170.0	Czech_BellBeaker	798973	0.416549	0.000010	0.058397	0.525044
I4886	BA-N	M	4088.0	Czech_BellBeaker	828693	0.410411	0.021409	0.100605	0.467576
I4888	BA-N	M	4038.0	Czech_BellBeaker	816045	0.454712	0.000010	0.095985	0.449294
I4889	BA-N	M	4131.0	Czech_BellBeaker	830315	0.503076	0.019820	0.071508	0.405596
I4890	BA-S	M	4250.0	Czech_BellBeaker	36803	0.379365	0.000010	0.083103	0.537522
I4891	BA-N	M	4131.0	Czech_BellBeaker	824302	0.441238	0.000010	0.119184	0.439568
I4895	BA-N	M	4106.0	Czech_BellBeaker	797715	0.516315	0.006850	0.105765	0.371070
I4896	BA-N	F	4163.0	Czech_BellBeaker	805529	0.474828	0.000010	0.075690	0.449472
I4945	BA-N	F	4177.0	Czech_BellBeaker	519995	0.359903	0.263407	0.093554	0.283136
I4946	BA-N	F	4188.0	Czech_BellBeaker	367075	0.414527	0.263751	0.099946	0.221776
I5514	BA-N	M	4155.0	Czech_BellBeaker	843550	0.535261	0.019304	0.102854	0.342582
I5666	BA-N	M	4250.0	Czech_BellBeaker	280266	0.430267	0.181240	0.116863	0.271630
I6468	BA-S	F	4150.0	Czech_BellBeaker	48586	0.420079	0.019045	0.113427	0.447449
I6476	BA-N	F	4100.0	Czech_BellBeaker	24187	0.434705	0.110759	0.127632	0.326904
I6480	BA-N	M	4150.0	Czech_BellBeaker	420858	0.561294	0.000010	0.055739	0.382957
I7205	BA-N	M	4200.0	Czech_BellBeaker	755071	0.601173	0.000010	0.090971	0.307846
I7211	BA-N	F	4183.0	Czech_BellBeaker	752562	0.479629	0.000010	0.113262	0.407099
I7212	BA-N	M	4247.0	Czech_BellBeaker	731040	0.475154	0.000010	0.126685	0.398151
I7213	BA-N	F	4231.0	Czech_BellBeaker	738476	0.446324	0.000010	0.141464	0.412202
I7214	BA-N	F	4200.0	Czech_BellBeaker	751275	0.412881	0.000010	0.137570	0.449539
I7249	BA-N	M	4011.0	Czech_BellBeaker	762410	0.516431	0.000010	0.095539	0.388020
I7250	BA-N	F	4200.0	Czech_BellBeaker	156166	0.516711	0.000010	0.070589	0.412690
I7251	BA-N	M	4200.0	Czech_BellBeaker	740533	0.531596	0.000010	0.102638	0.365756
I7269	BA-N	M	4200.0	Czech_BellBeaker	689004	0.512972	0.000010	0.081847	0.405172
I7270	BA-N	F	4200.0	Czech_BellBeaker	40815	0.498052	0.000010	0.093581	0.408357
I7276	BA-N	M	4200.0	Czech_BellBeaker	748900	0.488631	0.000010	0.102779	0.408580
I7278	BA-N	M	4333.0	Czech_BellBeaker	779231	0.499144	0.000010	0.083775	0.417072
I7281	BA-N	F	4194.0	Czech_BellBeaker	743881	0.528130	0.000010	0.100002	0.371858
I7282	BA-N	M	4200.0	Czech_BellBeaker	768721	0.413725	0.000010	0.129781	0.456484
I7286	BA-N	M	4221.0	Czech_BellBeaker	782788	0.432764	0.000010	0.209773	0.357453
I7287	BA-N	M	4200.0	Czech_BellBeaker	625311	0.515683	0.000010	0.105071	0.379236
I7288	BA-N	M	4200.0	Czech_BellBeaker	89398	0.464071	0.000010	0.152348	0.383570
I7290	BA-N	F	4200.0	Czech_BellBeaker	795770	0.454439	0.000010	0.139165	0.406386
KO1003	BA-N	M	4160.0	Czech_BellBeaker	855965	0.431289	0.172331	0.098094	0.298286
KO1004	BA-N	M	4166.0	Czech_BellBeaker	815312	0.503479	0.190930	0.095349	0.210243
KO1005	BA-N	F	4331.0	Czech_BellBeaker	674173	0.383543	0.135910	0.129643	0.350904
KOP002	BA-N	M	4250.0	Czech_BellBeaker	562108	0.425936	0.109616	0.076910	0.387538
KOP003	BA-N	M	4342.0	Czech_BellBeaker	526598	0.491803	0.050749	0.104346	0.353101
PRU002	BA-N	F	4470.0	Czech_BellBeaker	651514	0.561426	0.088185	0.120182	0.230206
PRU003	BA-N	F	4427.0	Czech_BellBeaker	589175	0.486860	0.114530	0.153513	0.245097
TIS001	BA-N	F	4326.0	Czech_BellBeaker	80733	0.455552	0.001000	0.128818	0.414630
VLI022	BA-N	F	4265.0	Czech_BellBeaker	268056	0.473531	0.012309	0.086420	0.427741
VLI024	BA-N	M	4150.0	Czech_BellBeaker	660266	0.442428	0.094831	0.075763	0.386978
VLI026	BA-N	F	4150.0	Czech_BellBeaker	594100	0.538431	0.095098	0.086292	0.280180
VLI028	BA-N	M	4150.0	Czech_BellBeaker	90551	0.490468	0.000010	0.076335	0.433187
VLI029	BA-N	M	4150.0	Czech_BellBeaker	694961	0.569913	0.131305	0.097701	0.201082
VLI030	BA-N	M	4150.0	Czech_BellBeaker	174334	0.512335	0.000010	0.100850	0.386805
I4887	BA-N	M	4071.0	Czech_BellBeaker_brother.I4888	800807	0.448591	0.000010	0.102414	0.448985
I7271	BA-N	M	4200.0	Czech_BellBeaker_brother.I7278	190175	0.551530	0.000010	0.076838	0.371621
RISE567_noUDG.SG	BA-N	F	4250.0	Czech_BellBeaker_dup.I4136.SG	31643	0.460537	0.420109	0.100766	0.018587
I7210	BA-N	M	4071.0	Czech_BellBeaker_father.or.son.I7212	731971	0.480131	0.000010	0.124896	0.394962
I4947	BA-S	M	4300.0	Czech_BellBeaker_lc	6588	0.384539	0.068640	0.141352	0.405469
I7283	BA-S	F	4200.0	Czech_BellBeaker_mother.I7282	739461	0.295786	0.000010	0.162444	0.541759
PRU001	BA-S	F	4331.0	Czech_BellBeaker_oAnatolia1	510161	0.289207	0.092906	0.055468	0.562419
HOP004	BA-S	F	4222.0	Czech_BellBeaker_oAnatolia2	791857	0.297686	0.128509	0.106136	0.467668
KOP001	BA-S	F	4250.0	Czech_BellBeaker_oAnatolia2	450005	0.368589	0.134248	0.110777	0.386386
VLI025	BA-N	M	4150.0	Czech_BellBeaker_oAnatolia2	77919	0.368403	0.000010	0.126127	0.505461
PRU004	BA-N	M	4264.0	Czech_BellBeaker_oSteppe	596816	0.648402	0.074554	0.075794	0.201250
TIS002	BA-N	F	4470.0	Czech_BellBeaker_oSteppe	810937	0.627058	0.148689	0.079585	0.144668
I7289	BA-N	M	4289.0	Czech_BellBeaker_sibling.I7214	751732	0.419008	0.000010	0.120086	0.460895
I15823	EF-ADMIX	M	5550.0	Czech_C	586879	0.030866	0.098736	0.170482	0.699917
I15826	EF	M	5505.0	Czech_C	222723	0.054475	0.000010	0.190472	0.755043
I17310	EF-ADMIX	M	5397.0	Czech_C	437697	0.059034	0.000010	0.208392	0.732564
I14167	EF-ADMIX	M	5850.0	Czech_C_Baalberge	753658	0.010448	0.097305	0.204017	0.688230
I14169	EF-ADMIX	M	5850.0	Czech_C_Baalberge	794414	0.012897	0.079738	0.191910	0.715455
I14170	EF-ADMIX	M	5850.0	Czech_C_Baalberge	785492	0.016195	0.085320	0.161111	0.737374
I14171	EF-ADMIX	F	5850.0	Czech_C_Baalberge	778914	0.029074	0.105777	0.187808	0.677341
I14172	EF-ADMIX	F	5850.0	Czech_C_Baalberge	792081	0.009274	0.098364	0.189009	0.703352
I14173	EF-ADMIX	M	5850.0	Czech_C_Baalberge	811949	0.032244	0.095125	0.216422	0.656210
I14174	EF-ADMIX	M	5850.0	Czech_C_Baalberge	772079	0.034299	0.111058	0.163004	0.691639
I14175	EF-ADMIX	F	5850.0	Czech_C_Baalberge	778787	0.020106	0.093984	0.213844	0.672067
I14176	EF-ADMIX	M	5550.0	Czech_C_Baalberge	764169	0.024263	0.087319	0.185663	0.702756
I16121	EF-ADMIX	F	5850.0	Czech_C_Baalberge	573438	0.023288	0.064382	0.223441	0.688889
I16122	EF-ADMIX	F	5850.0	Czech_C_Baalberge	520638	0.031568	0.089234	0.183018	0.696179
I6677	EF	M	5550.0	Czech_C_Baalberge	854313	0.034254	0.131189	0.161994	0.672564
I7186	EF-ADMIX	F	5713.0	Czech_C_Baalberge	867308	0.053081	0.138751	0.173457	0.634710
I7187	EF-ADMIX	M	6044.0	Czech_C_Baalberge	854371	0.012940	0.103200	0.231204	0.652656
I7188	EF-ADMIX	F	5610.0	Czech_C_Baalberge	864313	0.019056	0.102779	0.198178	0.679987
I7189	EF-ADMIX	F	5526.0	Czech_C_Baalberge	855752	0.008619	0.122820	0.193548	0.675013
I7191	EF-ADMIX	F	5657.0	Czech_C_Baalberge	876046	0.000010	0.116409	0.197755	0.685825
I7192	EF-ADMIX	M	5552.0	Czech_C_Baalberge	866736	0.023099	0.103748	0.185215	0.687939
I7194	EF-ADMIX	F	5527.0	Czech_C_Baalberge	858047	0.028277	0.128642	0.193091	0.649990
I14168	EF-ADMIX	F	5850.0	Czech_C_Baalberge_o2	726025	0.000010	0.045868	0.292051	0.662072
BUT002	BA-N	F	4350.0	Czech_CordedWare	238531	0.628417	0.060303	0.066907	0.244373
BUT003	BA-N	M	4335.0	Czech_CordedWare	423913	0.641086	0.127240	0.067226	0.164448
I6695	BA-N	F	4575.0	Czech_CordedWare	817438	0.570871	0.068440	0.090444	0.270245
I6696	BA-N	M	4575.0	Czech_CordedWare	832015	0.516817	0.078399	0.098689	0.306095
I7208	BA-N	M	4324.0	Czech_CordedWare	793798	0.623652	0.102186	0.065857	0.208305
I7279	BA-N	M	4200.0	Czech_CordedWare	624517	0.647302	0.000010	0.076940	0.275748
PNL002	BA-N	M	4653.0	Czech_CordedWare	831371	0.511257	0.181034	0.112483	0.195226
TRM001	BA-N	M	4650.0	Czech_CordedWare	45924	0.525377	0.000010	0.207204	0.267409
VLI010	BA-N	F	4483.0	Czech_CordedWare	644718	0.557045	0.104573	0.074762	0.263620
VLI017	BA-N	F	4336.0	Czech_CordedWare	683782	0.594121	0.138978	0.089467	0.177434
VLI067	BA-N	F	4718.0	Czech_CordedWare	712550	0.610638	0.144238	0.048107	0.197018
VLI071	BA-N	F	4715.0	Czech_CordedWare	777113	0.632185	0.166041	0.086148	0.115625
VLI075	BA-N	M	4650.0	Czech_CordedWare	41203	0.657920	0.000010	0.060065	0.282005
VLI085	BA-N	M	4653.0	Czech_CordedWare	346003	0.521677	0.103441	0.060927	0.313954
VLI092	BA-N	M	4719.0	Czech_CordedWare	752535	0.393248	0.115808	0.173760	0.317184
ZEL001	BA-N	F	4350.0	Czech_CordedWare	348103	0.601385	0.044232	0.077581	0.276802
OBR002	BA-N	F	4382.0	Czech_CordedWare_1d.rel.OBR001	90976	0.646912	0.000010	0.078817	0.274262
VLI015	BA-N	M	4725.0	Czech_CordedWare_father.or.son.VLI011	89695	0.651988	0.000010	0.090495	0.257508
STD003	EF-ADMIX	F	4877.0	Czech_CordedWare_o1	363852	0.025405	0.092846	0.249948	0.631802
VLI008	EF-ADMIX	F	4759.0	Czech_CordedWare_o1	748474	0.057528	0.135587	0.219496	0.587388
VLI079	EF	F	4623.0	Czech_CordedWare_o3	550306	0.156290	0.159363	0.156597	0.527750
RISE569_noUDG.SG	BA-N	F	1229.0	Czech_EarlySlav_dup.I4137.SG	708174	0.438090	0.395786	0.074754	0.091371
RISE568_noUDG.SG	BA-N	F	1200.0	Czech_EarlySlav.SG	60780	0.427429	0.379138	0.164405	0.029028
I4884	BA-N	M	3758.0	Czech_EBA	836319	0.598565	0.017750	0.098406	0.285279
I4892	BA-N	F	3754.0	Czech_EBA	808142	0.530667	0.000010	0.140155	0.329169
I7195	BA-N	F	4250.0	Czech_EBA	684583	0.564739	0.000010	0.080155	0.355096
