IID	Group	Sex	Date	Population	NumSNPs	k1	k2	k3
I19493_in.preparation	BA-S	F	2750.0	Bulgaria_EIA	72615	0.023042	0.692354	0.284604
I16326	BA-N	F	2625.0	Czech_IA_Hallstatt	487289	0.247210	0.315572	0.437218
I14200	BA-N	M	4328.0	England_BellBeaker_highEEF	158917	0.217486	0.356541	0.425974
I2446	BA-N	F	4215.0	England_BellBeaker_highWHG	476279	0.225471	0.299324	0.475205
I19043_old	BA-N	F	2200.0	England_MIA_LIA_o1_lc	14802	0.212761	0.217506	0.569733
I30333	EF-ADMIX	M	5748.0	England_N_Megalithic	47107	0.216220	0.749047	0.034734
I13433	BA-S	F	3200.0	Greece_Delphi_BA_Mycenaean	61071	0.000010	0.678234	0.321756
I13531	BA-S	F	3200.0	Greece_Delphi_BA_Mycenaean	66140	0.000010	0.626408	0.373582
I13580	BA-S	M	3169.0	Greece_Delphi_BA_Mycenaean	133904	0.000010	0.650800	0.349190
I13778	BA-S	M	3234.0	Montenegro_MLBA	829436	0.057061	0.482103	0.460836
I1926	EF	M	5649.0	Ukraine_Eneolithic_Trypillia	216396	0.196372	0.677068	0.126560
I5870	HG	M	7363.0	Ukraine_N	211381	0.680305	0.000010	0.319685
I3719	EF	M	6831.0	Ukraine_Eneolithic_o2	188830	0.013765	0.920744	0.065491
I3716	HG	M	7347.0	Ukraine_N	93708	0.670273	0.000010	0.329717
I5872	HG	M	7374.0	Ukraine_N	95751	0.677544	0.000010	0.322446
I14688	BA-S	M	2450.0	Albania_BA_IA	765405	0.027308	0.526998	0.445694
I14690	BA-S	M	3000.0	Albania_BA_IA	748453	0.084264	0.501232	0.414504
I14692	BA-S	F	2900.0	Albania_BA_IA	799291	0.068735	0.523527	0.407738
I16251	BA-S	M	2500.0	Albania_BA_IA	422282	0.075538	0.527485	0.396977
I16254	BA-S	M	2450.0	Albania_BA_IA	149756	0.073107	0.528467	0.398427
I16256	BA-S	F	2500.0	Albania_BA_IA_1d.rel.I17633	286692	0.092905	0.487504	0.419590
I17640	BA-N	M	2450.0	Albania_BA_IA_lc	6236	0.271331	0.348055	0.380614
I17623	BA-S	M	1050.0	Albania_BA_IA_o_lc	5002	0.039213	0.518615	0.442172
I14691	BA-S	F	3500.0	Albania_BA_IA_o2_lc	4178	0.055596	0.565479	0.378925
I15705	EF	F	8096.0	Albania_EN_oEEF	99632	0.000010	0.936797	0.063193
I16253	BA-S	M	2426.0	Albania_IA	377693	0.086050	0.515061	0.398888
I13838	EF	M	6200.0	Albania_LN_C	838393	0.000010	0.901331	0.098659
I13840	EF	M	6102.0	Albania_LN_C	846242	0.000010	0.921911	0.078079
I8471	BA-S	M	3745.0	Albania_MBA	176868	0.059402	0.484859	0.455739
I13839	BA-S	F	1014.0	Albania_Medieval	813107	0.048684	0.550443	0.400873
I14622	BA-S	M	1121.0	Albania_Medieval	675003	0.039200	0.527588	0.433211
I14685	BA-S	F	400.0	Albania_Modern	766093	0.068150	0.494228	0.437621
I15706	BA-S	M	320.0	Albania_Modern	798528	0.066526	0.479762	0.453712
I14686	BA-S	M	400.0	Albania_Modern_oCaucasus	780568	0.050195	0.546390	0.403415
I14687	BA-S	M	400.0	Albania_Modern_oCaucasus	723706	0.042727	0.536672	0.420601
I15707	BA-S	M	399.0	Albania_Modern_oCaucasus	792864	0.047630	0.550431	0.401940
I5068	EF	M	7088.0	Austria_EN_LBK	322819	0.059584	0.871544	0.068872
I5069	EF	F	6961.0	Austria_EN_LBK	842569	0.039668	0.898746	0.061586
I11699	BA-S	F	2300.0	Austria_IA_LaTene	850709	0.146399	0.447974	0.405627
I11701	BA-S	M	2300.0	Austria_IA_LaTene	853050	0.109490	0.457842	0.432667
I11708	BA-S	F	2300.0	Austria_IA_LaTene	810008	0.158676	0.458302	0.383021
I5208	EF	F	7150.0	Austria_N_LBK	897878	0.028292	0.924888	0.046820
I6912_noUDG	EF	M	7088.0	Austria_N_LBK	39670	0.102671	0.507362	0.389967
I5205	EF	F	7150.0	Austria_N_LBK	830976	0.049564	0.904244	0.046192
I5206	EF	F	7150.0	Austria_N_LBK	810752	0.039096	0.923286	0.037617
I5207	EF	M	7150.0	Austria_N_LBK	903978	0.033743	0.918465	0.047792
I19561	BA-N	M	702.0	BosniaHerzegovina_Medieval	450698	0.140311	0.275236	0.584453
Bul6	EF	M	4450.0	Bulgaria_BeliBreyag_EBA	377194	0.193170	0.687296	0.119533
Bul8	EF	M	4450.0	Bulgaria_BeliBreyag_EBA	18835	0.196227	0.648307	0.155465
I0781	EF	F	6404.0	Bulgaria_C	478719	0.019674	0.837270	0.143055
I0785	EF	F	6353.0	Bulgaria_C	75744	0.000010	0.890123	0.109867
I2423	EF	F	6381.0	Bulgaria_C	499189	0.099161	0.836912	0.063927
I2424	EF	F	6288.0	Bulgaria_C	651781	0.078792	0.802432	0.118776
I2425	EF	F	6475.0	Bulgaria_C	212849	0.087495	0.786825	0.125679
I2427	EF	F	6326.0	Bulgaria_C	660742	0.048811	0.850293	0.100895
I2428	EF	M	6400.0	Bulgaria_C	73718	0.049993	0.789741	0.160267
I2430	EF	M	6448.0	Bulgaria_C	606182	0.092383	0.809889	0.097728
I2431	EF	M	6624.0	Bulgaria_C	723399	0.102937	0.779709	0.117354
I2509	EF	F	6350.0	Bulgaria_C	859182	0.061904	0.858278	0.079817
I2519	EF	F	6237.0	Bulgaria_C	764671	0.020889	0.856585	0.122526
I2526	EF	F	7293.0	Bulgaria_C	372821	0.027331	0.932827	0.039843
I2181	BA-N	M	6458.0	Bulgaria_C_oSteppe	70392	0.126447	0.418378	0.455175
I2426	EF	M	6302.0	Bulgaria_C	29922	0.110068	0.786218	0.103714
I19451	BA-S	F	4450.0	Bulgaria_EBA	348955	0.153553	0.610411	0.236036
I19452	BA-S	M	4450.0	Bulgaria_EBA	372134	0.147948	0.626909	0.225143
I19453	BA-S	F	4450.0	Bulgaria_EBA	58535	0.125893	0.538704	0.335402
I19454	BA-S	M	4450.0	Bulgaria_EBA	468636	0.158161	0.623725	0.218114
I19456_d	BA-S	M	4450.0	Bulgaria_EBA	64509	0.129345	0.636721	0.233934
I19459	BA-S	F	4325.0	Bulgaria_EBA	219901	0.119177	0.502490	0.378334
I19460	BA-S	F	4325.0	Bulgaria_EBA	141934	0.107049	0.482331	0.410620
I19462	BA-S	F	4450.0	Bulgaria_EBA	87391	0.133917	0.450851	0.415232
I2175	BA-S	M	5097.0	Bulgaria_EBA	416933	0.147561	0.654044	0.198396
I2180	BA-S	F	4959.0	Bulgaria_EBA	839366	0.203487	0.565851	0.230663
I2520	BA-S	M	5153.0	Bulgaria_EBA	780304	0.207263	0.623102	0.169635
I2177	BA-S	M	5150.0	Bulgaria_EBA_1d.rel.I2176	34472	0.151751	0.556251	0.291997
Bul10	BA-S	F	4951.0	Bulgaria_EBA_Ezero	70039	0.188833	0.649269	0.161899
I12834	EF	M	4950.0	Bulgaria_EBA_Ezero_lc	10664	0.082959	0.650158	0.266883
I20182	BA-S	M	4100.0	Bulgaria_EBA_MBA	781393	0.059929	0.436180	0.503891
I2510	EF	M	4794.0	Bulgaria_EBA_o1	806624	0.054160	0.842467	0.103374
I2165	BA-S	M	4910.0	Bulgaria_EBA_o2	839875	0.204496	0.436674	0.358830
I19458	BA-S	M	4337.0	Bulgaria_EBA_oNorth	217402	0.130746	0.451652	0.417603
I19457_in.preparation	BA-S	M	4325.0	Bulgaria_EBA_oNorth_in.preparation	189726	0.109759	0.406286	0.483955
I15844	BA-S	F	2850.0	Bulgaria_EIA	48173	0.056903	0.645609	0.297488
I19481	BA-S	F	2550.0	Bulgaria_EIA	183315	0.007247	0.641851	0.350902
I19487	EF	M	2750.0	Bulgaria_EIA	21554	0.063522	0.663068	0.273411
I19490	BA-S	M	2750.0	Bulgaria_EIA	48244	0.015273	0.622951	0.361776
I19494	EF	M	2750.0	Bulgaria_EIA	33750	0.052390	0.692022	0.255589
I19497	EF	F	2750.0	Bulgaria_EIA	26390	0.054249	0.635736	0.310015
I20180	BA-S	M	2750.0	Bulgaria_EIA	788152	0.021897	0.683389	0.294714
I20181	BA-S	M	2750.0	Bulgaria_EIA	840352	0.025246	0.644223	0.330531
I20183	BA-S	M	2750.0	Bulgaria_EIA	792883	0.051057	0.630074	0.318869
I20184	EF	F	2750.0	Bulgaria_EIA	815708	0.017651	0.705858	0.276491
I20185	BA-S	M	2750.0	Bulgaria_EIA	864002	0.020433	0.664361	0.315206
I20186	BA-S	M	2750.0	Bulgaria_EIA	858693	0.010274	0.686253	0.303473
I15848	BA-S	F	2850.0	Bulgaria_EIA_lc	8540	0.033804	0.673952	0.292244
I19495	BA-S	M	2750.0	Bulgaria_EIA_lc	14247	0.025409	0.675172	0.299419
I5769	BA-S	F	2592.0	Bulgaria_IA	703916	0.034142	0.654530	0.311328
I18792	BA-S	M	1550.0	Bulgaria_LateAntiquity	133967	0.013461	0.670248	0.316291
I19500	BA-S	M	2200.0	Bulgaria_LIA	417100	0.009161	0.586517	0.404321
I1113	BA-S	F	7550.0	Bulgaria_MalakPreslavets_N	235592	0.324661	0.601272	0.074067
I1295	EF	M	7550.0	Bulgaria_MalakPreslavets_N	150402	0.208825	0.725284	0.065891
I1297	EF-ADMIX	F	7550.0	Bulgaria_MalakPreslavets_N	118464	0.228611	0.709295	0.062094
I1109	EF	F	7550.0	Bulgaria_MalakPreslavets_N_oHighEEF	254410	0.101392	0.827373	0.071235
I3879	EF	M	7550.0	Bulgaria_MalakPreslavets_N_oHighEEF	153526	0.012487	0.953204	0.034309
I2216	EF	F	7839.0	Bulgaria_MalakPreslavets_N_oHighEEF	62788	0.072605	0.868541	0.058854
I1108	BA-S	M	7550.0	Bulgaria_MalakPreslavets_N_oLowEEF	269090	0.322216	0.583853	0.093932
I6354	BA-S	M	7550.0	Bulgaria_MalakPreslavets_N_oLowEEF	49324	0.351025	0.503512	0.145463
I0700	BA-S	M	7550.0	Bulgaria_MalakPreslavets_N_oLowEEF_1d.rel.I1108	359115	0.331424	0.552290	0.116286
I1296	BA-S	M	7634.0	Bulgaria_MalakPreslavets_N	52479	0.235832	0.696918	0.067249
I2215	BA-S	M	7976.0	Bulgaria_MalakPreslavets_N	84456	0.200780	0.638186	0.161034
I10548	BA-S	F	825.0	Bulgaria_Medieval	820428	0.096983	0.388427	0.514589
I11134	EF	F	7725.0	Bulgaria_N	728158	0.011279	0.894959	0.093761
I11135	EF	M	7725.0	Bulgaria_N	750487	0.019861	0.890237	0.089902
I11270	EF	M	7725.0	Bulgaria_N	320215	0.027698	0.900079	0.072223
I2521	EF	M	7503.0	Bulgaria_N	786781	0.012237	0.906376	0.081387
I2528	EF-ADMIX	F	7641.0	Bulgaria_N_lc	3664	0.004706	0.953513	0.041781
I17981	EF	F	7725.0	Bulgaria_N_o	824105	0.070389	0.807785	0.121826
I0706	EF	M	7899.0	Bulgaria_N_oEEF	250278	0.180799	0.745729	0.073472
I0698	EF	M	7900.0	Bulgaria_N	712964	0.038911	0.915066	0.046023
I0704	EF	F	7892.0	Bulgaria_N	97093	0.017300	0.924559	0.058141
I1298	EF	F	7883.0	Bulgaria_N	95777	0.063899	0.911441	0.024660
I2529	EF	M	7610.0	Bulgaria_N	617150	0.032997	0.856258	0.110745
ANI160	EF	M	6533.0	Bulgaria_Varna_C	60856	0.105278	0.743951	0.150770
ANI159-ANI181	EF	M	6566.0	Bulgaria_Varna_C	412706	0.127397	0.759807	0.112796
ANI152	BA-S	M	6462.0	Bulgaria_Varna_C_o	25428	0.089207	0.686108	0.224684
ANI153	BA-S	M	6434.0	Bulgaria_Varna_C_o2	22625	0.090456	0.768889	0.140655
NA06984.SG	CEU.SG	M	0	CEU.SG	1144596	0.112540	0.276703	0.610758
NA06985.SG	CEU.SG	F	0	CEU.SG	1149735	0.081255	0.231442	0.687303
NA06986.SG	CEU.SG	M	0	CEU.SG	1149312	0.113930	0.225601	0.660469
NA06989.SG	CEU.SG	F	0	CEU.SG	1121324	0.121885	0.223701	0.654414
NA06994.SG	CEU.SG	M	0	CEU.SG	1127461	0.081819	0.232940	0.685241
NA07000.SG	CEU.SG	F	0	CEU.SG	1149623	0.120150	0.243735	0.636115
NA07037.SG	CEU.SG	F	0	CEU.SG	1148762	0.114447	0.259199	0.626355
NA07048.SG	CEU.SG	M	0	CEU.SG	1099702	0.079426	0.231917	0.688658
NA07051.SG	CEU.SG	M	0	CEU.SG	1015304	0.096457	0.211184	0.692360
NA07056.SG	CEU.SG	F	0	CEU.SG	1134138	0.113474	0.253268	0.633258
NA07347.SG	CEU.SG	M	0	CEU.SG	1148977	0.082795	0.282554	0.634652
NA07357.SG	CEU.SG	M	0	CEU.SG	1142624	0.108117	0.273981	0.617902
NA10847.SG	CEU.SG	F	0	CEU.SG	1149857	0.108172	0.249784	0.642043
NA10851.SG	CEU.SG	M	0	CEU.SG	1136639	0.120957	0.234716	0.644327
NA11829.SG	CEU.SG	M	0	CEU.SG	1147598	0.128582	0.222141	0.649277
NA11830.SG	CEU.SG	F	0	CEU.SG	979266	0.090498	0.206373	0.703129
NA11831.SG	CEU.SG	M	0	CEU.SG	1117650	0.074519	0.258613	0.666868
NA11832.SG	CEU.SG	F	0	CEU.SG	1149861	0.086793	0.292656	0.620551
NA11840.SG	CEU.SG	F	0	CEU.SG	1146082	0.110099	0.217076	0.672825
NA11843.SG	CEU.SG	M	0	CEU.SG	1138016	0.118266	0.238688	0.643046
NA11881.SG	CEU.SG	M	0	CEU.SG	1147539	0.097013	0.241918	0.661069
NA11892.SG	CEU.SG	F	0	CEU.SG	1147043	0.106422	0.272480	0.621098
NA11893.SG	CEU.SG	M	0	CEU.SG	1139735	0.108162	0.266235	0.625603
NA11894.SG	CEU.SG	F	0	CEU.SG	1138415	0.112167	0.246322	0.641511
NA11918.SG	CEU.SG	F	0	CEU.SG	1145779	0.089741	0.260640	0.649619
NA11919.SG	CEU.SG	M	0	CEU.SG	1148794	0.093180	0.239095	0.667725
NA11920.SG	CEU.SG	F	0	CEU.SG	1148405	0.106920	0.248760	0.644320
NA11930.SG	CEU.SG	M	0	CEU.SG	1146527	0.098281	0.266854	0.634865
NA11931.SG	CEU.SG	F	0	CEU.SG	1136376	0.114467	0.249753	0.635780
NA11932.SG	CEU.SG	M	0	CEU.SG	1142411	0.108685	0.281307	0.610008
NA11933.SG	CEU.SG	F	0	CEU.SG	1144231	0.104867	0.265077	0.630056
NA11992.SG	CEU.SG	M	0	CEU.SG	1131347	0.069425	0.245668	0.684907
NA11994.SG	CEU.SG	M	0	CEU.SG	1149300	0.090502	0.242139	0.667359
NA11995.SG	CEU.SG	F	0	CEU.SG	1119754	0.093069	0.239330	0.667601
NA12003.SG	CEU.SG	M	0	CEU.SG	1131806	0.126113	0.176687	0.697200
NA12004.SG	CEU.SG	F	0	CEU.SG	1149225	0.113241	0.283347	0.603412
NA12005.SG	CEU.SG	M	0	CEU.SG	1149648	0.089032	0.252954	0.658015
NA12006.SG	CEU.SG	F	0	CEU.SG	1149229	0.098571	0.246808	0.654621
NA12043.SG	CEU.SG	M	0	CEU.SG	1136765	0.125226	0.256321	0.618453
NA12044.SG	CEU.SG	F	0	CEU.SG	1149362	0.094568	0.226430	0.679002
NA12045.SG	CEU.SG	M	0	CEU.SG	1148646	0.106327	0.277965	0.615707
NA12046.SG	CEU.SG	F	0	CEU.SG	1145610	0.095777	0.252125	0.652098
NA12058.SG	CEU.SG	F	0	CEU.SG	1144911	0.104942	0.242559	0.652500
NA12144.SG	CEU.SG	M	0	CEU.SG	1149507	0.074435	0.306718	0.618847
NA12154.SG	CEU.SG	M	0	CEU.SG	1138143	0.081645	0.213241	0.705115
NA12155.SG	CEU.SG	M	0	CEU.SG	1146750	0.098798	0.228809	0.672394
NA12156.SG	CEU.SG	F	0	CEU.SG	1138839	0.101197	0.225994	0.672808
NA12234.SG	CEU.SG	F	0	CEU.SG	1141822	0.101568	0.266517	0.631915
NA12249.SG	CEU.SG	F	0	CEU.SG	1079458	0.111019	0.185242	0.703740
NA12272.SG	CEU.SG	M	0	CEU.SG	1057914	0.095000	0.298208	0.606792
NA12273.SG	CEU.SG	F	0	CEU.SG	1143007	0.108002	0.279722	0.612276
NA12275.SG	CEU.SG	F	0	CEU.SG	1047706	0.088904	0.260156	0.650940
NA12282.SG	CEU.SG	M	0	CEU.SG	1145155	0.087179	0.278578	0.634243
NA12283.SG	CEU.SG	F	0	CEU.SG	1144405	0.077345	0.279034	0.643621
NA12286.SG	CEU.SG	M	0	CEU.SG	1145592	0.118075	0.262011	0.619914
NA12287.SG	CEU.SG	F	0	CEU.SG	1133930	0.113962	0.263955	0.622083
NA12340.SG	CEU.SG	M	0	CEU.SG	1137377	0.087226	0.238802	0.673972
NA12341.SG	CEU.SG	F	0	CEU.SG	1055795	0.092015	0.209694	0.698290
NA12342.SG	CEU.SG	M	0	CEU.SG	1148390	0.083810	0.216708	0.699482
NA12347.SG	CEU.SG	M	0	CEU.SG	1147607	0.127090	0.231544	0.641366
NA12348.SG	CEU.SG	F	0	CEU.SG	1147552	0.110946	0.226055	0.662999
NA12383.SG	CEU.SG	F	0	CEU.SG	1148346	0.104585	0.293954	0.601462
NA12399.SG	CEU.SG	M	0	CEU.SG	1102717	0.102715	0.239737	0.657548
NA12400.SG	CEU.SG	F	0	CEU.SG	1089284	0.089364	0.251427	0.659209
NA12413.SG	CEU.SG	M	0	CEU.SG	1145741	0.102321	0.301309	0.596370
NA12414.SG	CEU.SG	F	0	CEU.SG	1147783	0.092312	0.224469	0.683218
NA12489.SG	CEU.SG	F	0	CEU.SG	1147570	0.118272	0.247506	0.634221
NA12546.SG	CEU.SG	M	0	CEU.SG	1147927	0.089371	0.267490	0.643139
NA12716.SG	CEU.SG	M	0	CEU.SG	1141944	0.118887	0.231068	0.650045
NA12717.SG	CEU.SG	F	0	CEU.SG	1144375	0.102672	0.245171	0.652157
NA12718.SG	CEU.SG	F	0	CEU.SG	1084241	0.091336	0.250051	0.658613
NA12748.SG	CEU.SG	M	0	CEU.SG	1145284	0.111241	0.242072	0.646688
NA12749.SG	CEU.SG	F	0	CEU.SG	1148583	0.106174	0.256960	0.636866
NA12750.SG	CEU.SG	M	0	CEU.SG	1149105	0.119206	0.280375	0.600419
NA12751.SG	CEU.SG	F	0	CEU.SG	1146730	0.124309	0.212910	0.662781
NA12760.SG	CEU.SG	M	0	CEU.SG	1147130	0.094492	0.264501	0.641007
NA12761.SG	CEU.SG	F	0	CEU.SG	1143941	0.107744	0.239199	0.653057
NA12762.SG	CEU.SG	M	0	CEU.SG	1144770	0.098524	0.262927	0.638549
NA12763.SG	CEU.SG	F	0	CEU.SG	1147470	0.103625	0.257242	0.639132
NA12775.SG	CEU.SG	M	0	CEU.SG	1149052	0.100100	0.244214	0.655686
NA12776.SG	CEU.SG	F	0	CEU.SG	1139080	0.132621	0.225704	0.641675
NA12777.SG	CEU.SG	M	0	CEU.SG	1148657	0.094036	0.266638	0.639326
NA12778.SG	CEU.SG	F	0	CEU.SG	1147300	0.114075	0.257391	0.628533
NA12812.SG	CEU.SG	M	0	CEU.SG	1147305	0.115479	0.258277	0.626245
NA12813.SG	CEU.SG	F	0	CEU.SG	1129213	0.072983	0.263911	0.663106
NA12814.SG	CEU.SG	M	0	CEU.SG	1137191	0.097619	0.235209	0.667173
NA12815.SG	CEU.SG	F	0	CEU.SG	1141838	0.120353	0.229082	0.650565
NA12827.SG	CEU.SG	M	0	CEU.SG	1145770	0.107306	0.226126	0.666567
NA12828.SG	CEU.SG	F	0	CEU.SG	1135948	0.105372	0.276581	0.618047
NA12829.SG	CEU.SG	M	0	CEU.SG	1142646	0.113589	0.281780	0.604631
NA12830.SG	CEU.SG	F	0	CEU.SG	1144686	0.090378	0.258880	0.650742
NA12842.SG	CEU.SG	M	0	CEU.SG	1141525	0.097714	0.233118	0.669169
NA12843.SG	CEU.SG	F	0	CEU.SG	1144015	0.096954	0.207866	0.695180
NA12872.SG	CEU.SG	M	0	CEU.SG	1147669	0.107772	0.243739	0.648489
NA12873.SG	CEU.SG	F	0	CEU.SG	1141951	0.114170	0.249694	0.636136
NA12874.SG	CEU.SG	M	0	CEU.SG	1143098	0.108790	0.258501	0.632709
NA12878.SG	CEU.SG	F	0	CEU.SG	1128110	0.092053	0.228897	0.679050
NA12889.SG	CEU.SG	M	0	CEU.SG	1144998	0.067479	0.273075	0.659447
NA12890.SG	CEU.SG	F	0	CEU.SG	1143522	0.109054	0.222825	0.668121
I16435_d	EF-ADMIX	U	5531.0	ChannelIslands_C_lc	3694	0.164786	0.709650	0.125564
I16436_d	EF-ADMIX	M	5814.0	ChannelIslands_C_lc	6467	0.095772	0.904218	0.000010
I26628	BA-N	F	2549.0	ChannelIslands_EIA	214510	0.150322	0.334449	0.515228
I26630	BA-N	M	2483.0	ChannelIslands_EIA	16097	0.160283	0.350663	0.489054
I16430	BA-N	F	2084.0	ChannelIslands_IA	350480	0.195896	0.399145	0.404959
I16505	BA-N	F	2058.0	ChannelIslands_IA	181296	0.191644	0.335964	0.472392
I26629	BA-N	F	1990.0	ChannelIslands_LIA_LaTene	118586	0.181545	0.333211	0.485245
I16425	EF-ADMIX	F	4929.0	ChannelIslands_LN	501384	0.318266	0.681724	0.000010
I16429	EF-ADMIX	M	4935.0	ChannelIslands_LN	70334	0.338646	0.597447	0.063906
I16438	EF-ADMIX	M	4384.0	ChannelIslands_LN	196535	0.287944	0.694449	0.017608
I16437	EF-ADMIX	F	6091.0	ChannelIslands_MN	171083	0.158065	0.833596	0.008339
I16444	EF-ADMIX	M	6048.0	ChannelIslands_MN	718752	0.174131	0.825859	0.000010
I16427	EF-ADMIX	M	6057.0	ChannelIslands_MN_o	52160	0.148966	0.838022	0.013012
I18712	BA-S	M	3600.0	Croatia_BA	589109	0.100959	0.487409	0.411632
I18748	BA-S	M	3700.0	Croatia_BA	534609	0.073998	0.516516	0.409486
I20502	EF	M	5950.0	Croatia_C	774410	0.022615	0.888588	0.088797
I10045	EF	M	6050.0	Croatia_C_Lasinja	804710	0.071229	0.877208	0.051563
I10046	EF	M	6050.0	Croatia_C_Lasinja	672605	0.063437	0.900331	0.036232
I10047	EF	M	6050.0	Croatia_C_Lasinja	752618	0.095694	0.884236	0.020070
I10048	EF	M	6050.0	Croatia_C_Lasinja	789757	0.072564	0.877863	0.049573
I10049	EF	M	6050.0	Croatia_C_Lasinja	820132	0.089948	0.876272	0.033780
I10050	EF	F	6050.0	Croatia_C_Lasinja	521320	0.093359	0.853543	0.053098
I10052	EF	F	6095.0	Croatia_C_Lasinja	164394	0.073370	0.858461	0.068169
I10053	EF	M	6050.0	Croatia_C_Lasinja	622345	0.100234	0.881652	0.018113
I10054	EF	M	6050.0	Croatia_C_Lasinja	827663	0.097632	0.887987	0.014381
I10056	EF	F	6050.0	Croatia_C_Lasinja	708311	0.091804	0.871980	0.036216
I10057	EF	F	6050.0	Croatia_C_Lasinja	757554	0.079517	0.874428	0.046055
I10062	EF	M	6050.0	Croatia_C_Lasinja	762553	0.095294	0.854778	0.049928
I10063	EF	M	6050.0	Croatia_C_Lasinja	740935	0.075064	0.896154	0.028782
I10064	EF	F	6050.0	Croatia_C_Lasinja	641384	0.095532	0.880789	0.023679
I10065	EF	F	6050.0	Croatia_C_Lasinja	769062	0.089535	0.889329	0.021136
I10069	EF	F	6050.0	Croatia_C_Lasinja	744312	0.103672	0.844762	0.051566
I10070	EF	F	6050.0	Croatia_C_Lasinja	825996	0.108452	0.870422	0.021126
I10071	EF	F	6050.0	Croatia_C_Lasinja	386023	0.127310	0.840805	0.031885
I10072	EF	M	6050.0	Croatia_C_Lasinja	772906	0.072544	0.873436	0.054020
I10271	EF	M	6050.0	Croatia_C_Lasinja	624283	0.096593	0.862690	0.040718
I10272	EF	F	6023.0	Croatia_C_Lasinja	277642	0.123249	0.855116	0.021635
I10273	EF	F	6050.0	Croatia_C_Lasinja	623965	0.073942	0.899634	0.026424
I10274	EF	M	6050.0	Croatia_C_Lasinja	139006	0.097787	0.883971	0.018241
I10275	EF	F	6050.0	Croatia_C_Lasinja	94061	0.082369	0.878434	0.039197
I10291	EF	F	6050.0	Croatia_C_Lasinja	233140	0.085301	0.868444	0.046255
I10293	EF	F	6093.0	Croatia_C_Lasinja	784486	0.102307	0.853694	0.043999
I10294	EF	M	6050.0	Croatia_C_Lasinja	858333	0.091587	0.887544	0.020870
I10295	EF	M	6050.0	Croatia_C_Lasinja	18639	0.011373	0.907670	0.080957
I10297	EF	F	6050.0	Croatia_C_Lasinja	895998	0.084815	0.887014	0.028171
I10299	EF	F	6050.0	Croatia_C_Lasinja	561151	0.083950	0.886038	0.030012
I10303	EF	F	6050.0	Croatia_C_Lasinja	681530	0.085785	0.833844	0.080371
I10074	EF	F	6050.0	Croatia_C_Lasinja_daughter.I10068.sister.I10070	44537	0.037204	0.871306	0.091490
I10068	EF	M	6050.0	Croatia_C_Lasinja_father.I10070.I10074	788697	0.094133	0.887230	0.018637
I10061	EF	M	6050.0	Croatia_C_Lasinja_father.I10294	683405	0.081511	0.891435	0.027054
I10292	EF	M	6050.0	Croatia_C_Lasinja_lc	11514	0.101737	0.861513	0.036751
I23904	BA-S	F	2642.0	Croatia_EIA	807776	0.074326	0.493566	0.432108
I23911	BA-S	M	2765.0	Croatia_EIA	802764	0.096507	0.505515	0.397978
I23995	BA-S	M	2729.0	Croatia_EIA	793384	0.109871	0.472460	0.417669
I23996	BA-S	F	2744.0	Croatia_EIA	752396	0.091888	0.505391	0.402721
I24638	BA-S	M	2658.0	Croatia_EIA	779342	0.103437	0.479565	0.416998
I24639	BA-S	M	2658.0	Croatia_EIA	787553	0.103156	0.463344	0.433501
I24879	BA-N	F	2599.0	Croatia_EIA	807701	0.120811	0.440488	0.438700
I24882	BA-S	M	2599.0	Croatia_EIA	817578	0.109632	0.487519	0.402849
I5723	BA-S	M	2374.0	Croatia_EIA	701019	0.145121	0.512086	0.342794
I5724	BA-S	M	2232.0	Croatia_EIA	675235	0.155115	0.493301	0.351584
I5725	BA-S	M	2554.0	Croatia_EIA	623346	0.154604	0.487903	0.357493
I5726	BA-S	F	2407.0	Croatia_EIA	622601	0.132713	0.499944	0.367343
I5727	BA-N	F	2586.0	Croatia_EIA	614761	0.206533	0.414883	0.378584
I5728	BA-S	F	2224.0	Croatia_EIA	619639	0.161796	0.517928	0.320276
I5729	BA-S	M	2920.0	Croatia_EIA	641717	0.141188	0.504390	0.354422
I3313	BA-S	F	2722.0	Croatia_EIA_mother.I26742	795860	0.076248	0.501912	0.421841
I5071	EF	F	7582.0	Croatia_EN_Impressa	495848	0.046727	0.916044	0.037229
I5072	EF	M	7545.0	Croatia_EN_Impressa	629427	0.030601	0.935429	0.033971
I3499	BA-S	M	4718.0	Croatia_LateC_EBA_Vucedol	413821	0.080303	0.527938	0.391758
I24345	BA-N	M	2900.0	Croatia_LBA_EIA	52173	0.075199	0.446915	0.477886
I26742	BA-S	M	2650.0	Croatia_LBA_EIA	925712	0.075821	0.526392	0.397787
I24344	BA-N	F	2900.0	Croatia_LBA_EIA_lc	10699	0.098716	0.376546	0.524738
I18831	BA-S	M	2201.0	Croatia_LIA	675164	0.091346	0.469340	0.439313
I18830	BA-S	M	2201.0	Croatia_LIA_brother.I18831	629724	0.088524	0.454784	0.456692
I19017	BA-S	F	3750.0	Croatia_MBA_Cetina	111390	0.046331	0.485431	0.468238
I24342	BA-S	M	3410.0	Croatia_MBA	820306	0.156911	0.464250	0.378839
I26773	BA-S	F	3325.0	Croatia_MBA	728296	0.096820	0.460394	0.442786
I26774	BA-S	F	3325.0	Croatia_MBA	827364	0.110877	0.467701	0.421423
I26893	BA-S	F	3325.0	Croatia_MBA	861181	0.119458	0.450175	0.430367
I4331	BA-S	M	3519.0	Croatia_MBA	710973	0.098730	0.515214	0.386056
I4332	BA-S	F	3508.0	Croatia_MBA	729425	0.099470	0.527866	0.372665
I5073	BA-S	M	3573.0	Croatia_MBA	813013	0.081676	0.522190	0.396134
I5074	BA-S	M	3385.0	Croatia_MBA	973343	0.065458	0.504769	0.429772
I5080	BA-S	M	3631.0	Croatia_MBA	825075	0.078650	0.521814	0.399535
I11843	BA-S	M	3750.0	Croatia_MBA_Cetina	392162	0.075419	0.505665	0.418916
I18088	BA-S	M	3750.0	Croatia_MBA_Cetina	90025	0.080666	0.456314	0.463020
I18745	BA-S	F	3750.0	Croatia_MBA_Cetina	681263	0.104882	0.462575	0.432543
I18746	BA-S	M	3750.0	Croatia_MBA_Cetina	631718	0.086289	0.476574	0.437137
I18747	BA-S	M	3750.0	Croatia_MBA_Cetina	430883	0.104905	0.517237	0.377859
I18752	BA-S	M	3750.0	Croatia_MBA_Cetina	582279	0.104086	0.448807	0.447106
I19019	BA-S	F	3750.0	Croatia_MBA_Cetina_dup.I19017	59977	0.038109	0.479111	0.482780
I19025	BA-S	M	3750.0	Croatia_MBA_Cetina	19114	0.050360	0.447646	0.501994
I19026	BA-S	M	3750.0	Croatia_MBA_Cetina	42738	0.046228	0.470124	0.483649
I19027	BA-S	F	3750.0	Croatia_MBA_Cetina	350073	0.088362	0.452828	0.458811
I19029	BA-S	M	3750.0	Croatia_MBA_Cetina	74386	0.044561	0.465741	0.489699
I19032	BA-S	M	3750.0	Croatia_MBA_Cetina	109008	0.063235	0.483688	0.453077
I19022	BA-S	F	3750.0	Croatia_MBA_Cetina_1d.rel.I19027.possible.1d.rel.I19020	49870	0.065442	0.492514	0.442043
I19016	BA-S	F	3750.0	Croatia_MBA_Cetina_lc	3185	0.057590	0.502240	0.440170
I19020	BA-S	F	3750.0	Croatia_MBA_dup.or.1d.rel.I19017	27291	0.078063	0.414774	0.507163
I19030	BA-N	M	3750.0	Croatia_MBA_possible.dup.I19023_lc	5352	0.158630	0.336941	0.504429
I15462	BA-S	F	1216.0	Croatia_Medieval	865277	0.049958	0.535796	0.414245
I15741	BA-S	F	1096.0	Croatia_Medieval	804520	0.037652	0.504186	0.458162
I15743	BA-S	F	1029.0	Croatia_Medieval	818204	0.064585	0.481578	0.453837
I15744	BA-S	F	1228.0	Croatia_Medieval	799117	0.037908	0.524394	0.437698
I15742	BA-N	F	1232.0	Croatia_Medieval_o	792830	0.148564	0.349978	0.501458
I15463	BA-S	F	1200.0	Croatia_Medieval_sister.I15744	796106	0.047904	0.494163	0.457933
I18071	BA-N	M	3450.0	Croatia_MLBA	177813	0.134448	0.433743	0.431809
I18072	BA-S	M	3450.0	Croatia_MLBA	413567	0.099013	0.426512	0.474475
I18073	BA-S	F	3450.0	Croatia_MLBA	161356	0.124722	0.398743	0.476536
I18074	BA-S	F	3450.0	Croatia_MLBA	92593	0.118924	0.492087	0.388989
I18075	BA-S	M	3450.0	Croatia_MLBA	69444	0.100468	0.452997	0.446535
I18077	BA-S	F	3450.0	Croatia_MLBA	442046	0.102766	0.446180	0.451053
I18078	BA-S	F	3450.0	Croatia_MLBA	371629	0.115222	0.461641	0.423136
I18079	BA-N	F	3450.0	Croatia_MLBA	226715	0.106054	0.432255	0.461691
I18082	BA-N	F	3450.0	Croatia_MLBA	436684	0.119048	0.423386	0.457566
I18086_d	BA-S	F	3450.0	Croatia_MLBA_lc	12917	0.098832	0.512546	0.388621
I18087	BA-S	F	3450.0	Croatia_MLBA	323724	0.103451	0.438469	0.458079
I18413	BA-S	F	3100.0	Croatia_MLBA	414143	0.116335	0.480567	0.403098
I18414_d	BA-S	F	3100.0	Croatia_MLBA	97670	0.121743	0.448534	0.429724
I18415	BA-S	M	3100.0	Croatia_MLBA	722374	0.118961	0.499268	0.381771
I18416	BA-S	F	3100.0	Croatia_MLBA	715045	0.149235	0.454053	0.396713
I18417	BA-S	M	3100.0	Croatia_MLBA	718847	0.124922	0.443865	0.431213
I18720	BA-S	F	3100.0	Croatia_MLBA	458882	0.115638	0.461342	0.423020
I18721	BA-N	M	3100.0	Croatia_MLBA	619193	0.139601	0.344722	0.515677
I18722	BA-S	F	3100.0	Croatia_MLBA	61266	0.117990	0.435247	0.446763
I18723	BA-N	M	3100.0	Croatia_MLBA	588305	0.144762	0.357249	0.497989
I18724	BA-S	F	3100.0	Croatia_MLBA	639198	0.134143	0.448588	0.417269
I18725	BA-S	M	3100.0	Croatia_MLBA	641989	0.133583	0.468649	0.397767
I18727	BA-S	F	3100.0	Croatia_MLBA	451193	0.110773	0.500639	0.388589
I18729	BA-S	M	3100.0	Croatia_MLBA	595641	0.103712	0.474569	0.421719
I18730	BA-N	F	3100.0	Croatia_MLBA	575760	0.157486	0.433262	0.409252
I18732	BA-S	M	3100.0	Croatia_MLBA	608986	0.153935	0.423699	0.422366
I18733	BA-S	F	3100.0	Croatia_MLBA	34271	0.129520	0.422612	0.447868
I18734	BA-N	F	3100.0	Croatia_MLBA	440524	0.132207	0.407218	0.460574
I18737	BA-S	M	3100.0	Croatia_MLBA	558485	0.113337	0.453207	0.433456
I18738	BA-S	F	3100.0	Croatia_MLBA	581249	0.088230	0.471095	0.440675
I18739	BA-N	F	3100.0	Croatia_MLBA	491742	0.136872	0.432719	0.430408
I18735	BA-S	F	3100.0	Croatia_MLBA_1d.rel.I18077	59065	0.122510	0.426238	0.451252
I18728	BA-S	F	3100.0	Croatia_MLBA_1d.rel.I18739	27850	0.139304	0.475749	0.384947
I18719	BA-N	M	3100.0	Croatia_MLBA_alt	822220	0.128940	0.401928	0.469132
I18717	BA-S	M	3100.0	Croatia_MLBA_brother.I18078.father.I18071	507232	0.134912	0.423111	0.441977
I18085	BA-S	M	3450.0	Croatia_MLBA_lc	4430	0.136156	0.422107	0.441736
I18718_d	BA-S	F	3100.0	Croatia_MLBA_lc	7323	0.161474	0.531890	0.306636
I18736	BA-S	F	3100.0	Croatia_MLBA_lc	3510	0.167139	0.526887	0.305974
I18827	EF	M	6450.0	Croatia_MN	20970	0.090532	0.772992	0.136476
I26738	EF	F	7125.0	Croatia_MN	644850	0.037277	0.907396	0.055326
I26741	EF	F	6585.0	Croatia_MN_Sopot	880904	0.063792	0.903253	0.032955
I3498	EF	M	7681.0	Croatia_MN_Sopot	493488	0.000010	0.975436	0.024554
I4168	EF	F	6588.0	Croatia_MN_Sopot	196903	0.065544	0.901962	0.032494
I5077	EF	M	7001.0	Croatia_MN_Sopot	830179	0.016354	0.916720	0.066925
I5078	EF	M	6571.0	Croatia_MN_Sopot	838802	0.017359	0.927504	0.055138
I7399	EF	F	7078.0	Croatia_MN_Sopot	794945	0.003967	0.933353	0.062680
I7538	EF	F	6875.0	Croatia_MN_Sopot_lc	14435	0.016973	0.938215	0.044812
I10055	EF	F	7727.0	Croatia_N	670392	0.080297	0.870214	0.049489
I3433	EF	F	7800.0	Croatia_N_Cardial	785779	0.041793	0.954831	0.003377
I3947	EF	M	7834.0	Croatia_N_Cardial	751310	0.049617	0.940850	0.009533
I3948	EF	M	7863.0	Croatia_N_Cardial	754045	0.001350	0.972113	0.026537
I4167	EF	M	6635.0	Croatia_N_Starcevo	58386	0.033495	0.895994	0.070511
I5079	EF	F	5421.0	Croatia_N_Starcevo	811667	0.038320	0.893075	0.068605
I2792	EF	M	4676.0	Croatia_Vucedol	188281	0.020398	0.867382	0.112219
I4208	EF	M	5400.0	Cyprus_C	33374	0.037283	0.947866	0.014851
I4207	EF	M	9600.0	Cyprus_PPNB	32978	0.070903	0.906878	0.022219
I7949	BA-N	M	3022.0	Czech_BA_Veterov_2	838898	0.198714	0.234878	0.566407
HOP001	BA-N	M	4240.0	Czech_BellBeaker	942191	0.171362	0.333863	0.494775
HOP002	BA-N	F	4177.0	Czech_BellBeaker	125304	0.164477	0.316736	0.518787
HOP003	BA-N	M	4250.0	Czech_BellBeaker	826435	0.148900	0.275309	0.575791
I4145	BA-N	M	4089.0	Czech_BellBeaker	90611	0.175361	0.274074	0.550565
I4885	BA-S	M	4170.0	Czech_BellBeaker	798973	0.140707	0.444076	0.415217
I4886	BA-N	M	4088.0	Czech_BellBeaker	828693	0.176665	0.401096	0.422239
I4888	BA-N	M	4038.0	Czech_BellBeaker	816045	0.183954	0.357283	0.458763
I4889	BA-N	M	4131.0	Czech_BellBeaker	830315	0.162095	0.314885	0.523020
I4890	BA-S	M	4250.0	Czech_BellBeaker	36803	0.209244	0.480337	0.310419
I4891	BA-N	M	4131.0	Czech_BellBeaker	824302	0.200984	0.350534	0.448482
I4895	BA-N	M	4106.0	Czech_BellBeaker	797715	0.195237	0.265780	0.538983
I4896	BA-N	F	4163.0	Czech_BellBeaker	805529	0.163152	0.353048	0.483800
I4945	BA-N	F	4177.0	Czech_BellBeaker	519995	0.141871	0.390611	0.467518
I4946	BA-N	F	4188.0	Czech_BellBeaker	367075	0.155137	0.315404	0.529458
I5514	BA-N	M	4155.0	Czech_BellBeaker	843550	0.199141	0.244135	0.556724
I5666	BA-N	M	4250.0	Czech_BellBeaker	280266	0.184568	0.306676	0.508756
I6468	BA-S	F	4150.0	Czech_BellBeaker	48586	0.191087	0.373919	0.434994
I6476	BA-N	F	4100.0	Czech_BellBeaker	24187	0.200019	0.314387	0.485594
I6480	BA-N	M	4150.0	Czech_BellBeaker	420858	0.160076	0.264676	0.575248
I7205	BA-N	M	4200.0	Czech_BellBeaker	755071	0.208271	0.181897	0.609833
I7211	BA-N	F	4183.0	Czech_BellBeaker	752562	0.212491	0.312454	0.475055
I7212	BA-N	M	4247.0	Czech_BellBeaker	731040	0.228228	0.306775	0.464998
I7213	BA-N	F	4231.0	Czech_BellBeaker	738476	0.240020	0.327738	0.432242
I7214	BA-N	F	4200.0	Czech_BellBeaker	751275	0.231313	0.371769	0.396918
I7249	BA-N	M	4011.0	Czech_BellBeaker	762410	0.206032	0.285580	0.508388
I7250	BA-N	F	4200.0	Czech_BellBeaker	156166	0.183427	0.309773	0.506799
I7251	BA-N	M	4200.0	Czech_BellBeaker	740533	0.213852	0.260547	0.525601
I7269	BA-N	M	4200.0	Czech_BellBeaker	689004	0.176433	0.296043	0.527523
I7270	BA-N	F	4200.0	Czech_BellBeaker	40815	0.232702	0.320187	0.447111
I7276	BA-N	M	4200.0	Czech_BellBeaker	748900	0.202944	0.311990	0.485066
I7278	BA-N	M	4333.0	Czech_BellBeaker	779231	0.178174	0.313652	0.508174
I7281	BA-N	F	4194.0	Czech_BellBeaker	743881	0.207724	0.267084	0.525192
I7282	BA-N	M	4200.0	Czech_BellBeaker	768721	0.220311	0.378105	0.401585
I7286	BA-N	M	4221.0	Czech_BellBeaker	782788	0.299586	0.270926	0.429488
I7287	BA-N	M	4200.0	Czech_BellBeaker	625311	0.209721	0.274071	0.516208
I7288	BA-N	M	4200.0	Czech_BellBeaker	89398	0.281306	0.298300	0.420394
I7290	BA-N	F	4200.0	Czech_BellBeaker	795770	0.234663	0.317949	0.447389
KO1003	BA-N	M	4160.0	Czech_BellBeaker	855965	0.164702	0.327818	0.507481
KO1004	BA-N	M	4166.0	Czech_BellBeaker	815312	0.169455	0.234806	0.595739
KO1005	BA-N	F	4331.0	Czech_BellBeaker	674173	0.193283	0.369100	0.437618
KOP002	BA-N	M	4250.0	Czech_BellBeaker	562108	0.149096	0.374343	0.476561
KOP003	BA-N	M	4342.0	Czech_BellBeaker	526598	0.189754	0.284656	0.525589
PRU002	BA-N	F	4470.0	Czech_BellBeaker	651514	0.210518	0.169803	0.619679
PRU003	BA-N	F	4427.0	Czech_BellBeaker	589175	0.230864	0.221615	0.547521
TIS001	BA-N	F	4326.0	Czech_BellBeaker	80733	0.209159	0.318582	0.472259
VLI022	BA-N	F	4265.0	Czech_BellBeaker	268056	0.167286	0.336493	0.496221
VLI024	BA-N	M	4150.0	Czech_BellBeaker	660266	0.150880	0.361686	0.487434
VLI026	BA-N	F	4150.0	Czech_BellBeaker	594100	0.172134	0.228968	0.598898
VLI028	BA-N	M	4150.0	Czech_BellBeaker	90551	0.166889	0.332219	0.500892
VLI029	BA-N	M	4150.0	Czech_BellBeaker	694961	0.185380	0.166659	0.647961
VLI030	BA-N	M	4150.0	Czech_BellBeaker	174334	0.191485	0.276353	0.532161
I4887	BA-N	M	4071.0	Czech_BellBeaker_brother.I4888	800807	0.186688	0.357737	0.455575
I7271	BA-N	M	4200.0	Czech_BellBeaker_brother.I7278	190175	0.213102	0.268643	0.518254
RISE567_noUDG.SG	BA-N	F	4250.0	Czech_BellBeaker_dup.I4136.SG	31643	0.154481	0.188260	0.657260
I7210	BA-N	M	4071.0	Czech_BellBeaker_father.or.son.I7212	731971	0.227908	0.302095	0.469998
I4947	BA-S	M	4300.0	Czech_BellBeaker_lc	6588	0.207408	0.379551	0.413040
I7283	BA-S	F	4200.0	Czech_BellBeaker_mother.I7282	739461	0.249084	0.498114	0.252802
PRU001	BA-S	F	4331.0	Czech_BellBeaker_oAnatolia1	510161	0.105381	0.575650	0.318969
HOP004	BA-S	F	4222.0	Czech_BellBeaker_oAnatolia2	791857	0.159336	0.503443	0.337221
KOP001	BA-S	F	4250.0	Czech_BellBeaker_oAnatolia2	450005	0.172065	0.405245	0.422690
VLI025	BA-N	M	4150.0	Czech_BellBeaker_oAnatolia2	77919	0.212447	0.436867	0.350685
PRU004	BA-N	M	4264.0	Czech_BellBeaker_oSteppe	596816	0.175488	0.109545	0.714967
TIS002	BA-N	F	4470.0	Czech_BellBeaker_oSteppe	810937	0.175284	0.111031	0.713685
I7289	BA-N	M	4289.0	Czech_BellBeaker_sibling.I7214	751732	0.216556	0.382919	0.400525
I15823	EF-ADMIX	M	5550.0	Czech_C	586879	0.190621	0.784610	0.024769
I15826	EF	M	5505.0	Czech_C	222723	0.226329	0.766555	0.007116
I17310	EF-ADMIX	M	5397.0	Czech_C	437697	0.256271	0.742896	0.000833
I14167	EF-ADMIX	M	5850.0	Czech_C_Baalberge	753658	0.219567	0.776240	0.004193
I14169	EF-ADMIX	M	5850.0	Czech_C_Baalberge	794414	0.208510	0.791480	0.000010
I14170	EF-ADMIX	M	5850.0	Czech_C_Baalberge	785492	0.178943	0.818763	0.002294
I14171	EF-ADMIX	F	5850.0	Czech_C_Baalberge	778914	0.206258	0.766630	0.027112
I14172	EF-ADMIX	F	5850.0	Czech_C_Baalberge	792081	0.205123	0.794867	0.000010
I14173	EF-ADMIX	M	5850.0	Czech_C_Baalberge	811949	0.236886	0.739427	0.023687
I14174	EF-ADMIX	M	5850.0	Czech_C_Baalberge	772079	0.182394	0.785097	0.032509
I14175	EF-ADMIX	F	5850.0	Czech_C_Baalberge	778787	0.233275	0.756393	0.010332
I14176	EF-ADMIX	M	5550.0	Czech_C_Baalberge	764169	0.204103	0.782693	0.013204
I16121	EF-ADMIX	F	5850.0	Czech_C_Baalberge	573438	0.245265	0.752422	0.002313
I16122	EF-ADMIX	F	5850.0	Czech_C_Baalberge	520638	0.203527	0.773921	0.022552
I6677	EF	M	5550.0	Czech_C_Baalberge	854313	0.179291	0.778592	0.042117
I7186	EF-ADMIX	F	5713.0	Czech_C_Baalberge	867308	0.192866	0.742011	0.065123
I7187	EF-ADMIX	M	6044.0	Czech_C_Baalberge	854371	0.248981	0.745100	0.005919
I7188	EF-ADMIX	F	5610.0	Czech_C_Baalberge	864313	0.215502	0.770972	0.013526
I7189	EF-ADMIX	F	5526.0	Czech_C_Baalberge	855752	0.209277	0.781025	0.009698
I7191	EF-ADMIX	F	5657.0	Czech_C_Baalberge	876046	0.210031	0.789959	0.000010
I7192	EF-ADMIX	M	5552.0	Czech_C_Baalberge	866736	0.204788	0.778133	0.017079
I7194	EF-ADMIX	F	5527.0	Czech_C_Baalberge	858047	0.210229	0.755627	0.034144
I14168	EF-ADMIX	F	5850.0	Czech_C_Baalberge_o2	726025	0.298259	0.701731	0.000010
BUT002	BA-N	F	4350.0	Czech_CordedWare	238531	0.166629	0.148092	0.685279
BUT003	BA-N	M	4335.0	Czech_CordedWare	423913	0.162792	0.109529	0.727679
I6695	BA-N	F	4575.0	Czech_CordedWare	817438	0.186967	0.195034	0.617999
I6696	BA-N	M	4575.0	Czech_CordedWare	832015	0.187819	0.251684	0.560496
I7208	BA-N	M	4324.0	Czech_CordedWare	793798	0.168385	0.142635	0.688980
I7279	BA-N	M	4200.0	Czech_CordedWare	624517	0.197420	0.135610	0.666970
PNL002	BA-N	M	4653.0	Czech_CordedWare	831371	0.192139	0.211825	0.596036
TRM001	BA-N	M	4650.0	Czech_CordedWare	45924	0.303202	0.156775	0.540022
VLI010	BA-N	F	4483.0	Czech_CordedWare	644718	0.160543	0.215246	0.624211
VLI017	BA-N	F	4336.0	Czech_CordedWare	683782	0.180157	0.141390	0.678453
VLI067	BA-N	F	4718.0	Czech_CordedWare	712550	0.141503	0.160339	0.698159
VLI071	BA-N	F	4715.0	Czech_CordedWare	777113	0.184554	0.091557	0.723888
VLI075	BA-N	M	4650.0	Czech_CordedWare	41203	0.182689	0.137632	0.679679
VLI085	BA-N	M	4653.0	Czech_CordedWare	346003	0.142725	0.274811	0.582464
VLI092	BA-N	M	4719.0	Czech_CordedWare	752535	0.242906	0.319266	0.437828
ZEL001	BA-N	F	4350.0	Czech_CordedWare	348103	0.177610	0.176294	0.646097
OBR002	BA-N	F	4382.0	Czech_CordedWare_1d.rel.OBR001	90976	0.195459	0.130499	0.674042
VLI015	BA-N	M	4725.0	Czech_CordedWare_father.or.son.VLI011	89695	0.222183	0.121075	0.656742
STD003	EF-ADMIX	F	4877.0	Czech_CordedWare_o1	363852	0.270099	0.715239	0.014662
VLI008	EF-ADMIX	F	4759.0	Czech_CordedWare_o1	748474	0.241288	0.690565	0.068148
VLI079	EF	F	4623.0	Czech_CordedWare_o3	550306	0.187783	0.620712	0.191505
RISE569_noUDG.SG	BA-N	F	1229.0	Czech_EarlySlav_dup.I4137.SG	708174	0.123213	0.260523	0.616264
RISE568_noUDG.SG	BA-N	F	1200.0	Czech_EarlySlav.SG	60780	0.215141	0.189655	0.595204
I4884	BA-N	M	3758.0	Czech_EBA	836319	0.204182	0.169337	0.626480
I4892	BA-N	F	3754.0	Czech_EBA	808142	0.240349	0.217021	0.542631
I7195	BA-N	F	4250.0	Czech_EBA	684583	0.205998	0.244134	0.549867
I7196	BA-N	M	4250.0	Czech_EBA	705671	0.199990	0.310932	0.489078
I7198	BA-N	F	4026.0	Czech_EBA	766711	0.223406	0.139500	0.637094
I7199	BA-N	M	4039.0	Czech_EBA	772648	0.229508	0.173031	0.597461
I7200	BA-N	F	4250.0	Czech_EBA	734643	0.208686	0.225292	0.566022
I7201	BA-N	F	4250.0	Czech_EBA	688415	0.228171	0.238012	0.533817
I7202	BA-N	M	4250.0	Czech_EBA	537332	0.212948	0.235280	0.551772
I7203	BA-N	M	4250.0	Czech_EBA	74185	0.223387	0.335503	0.441110
I5042	BA-N	M	4100.0	Czech_EBA_Protounetice	69126	0.265985	0.232465	0.501550
I11158	BA-N	M	4025.0	Czech_EBA_son.I14193_son.I7198	689584	0.213426	0.137862	0.648713
I4139	BA-N	F	4150.0	Czech_EBA_Starounetice	692442	0.203070	0.276781	0.520149
BNL002	BA-N	M	3995.0	Czech_EBA_Unetice	650848	0.193634	0.195313	0.611054
BNL003	BA-N	M	3995.0	Czech_EBA_Unetice	709167	0.199979	0.232429	0.567592
BNL004	BA-N	M	3995.0	Czech_EBA_Unetice	729345	0.211037	0.168424	0.620540
BNL005	BA-N	F	4084.0	Czech_EBA_Unetice	748468	0.190488	0.200399	0.609113
BNL006	BA-N	M	4070.0	Czech_EBA_Unetice	579447	0.209491	0.174393	0.616116
BNL008	BA-N	F	3926.0	Czech_EBA_Unetice	735867	0.186315	0.225089	0.588596
BNL009	BA-N	M	3975.0	Czech_EBA_Unetice	217159	0.161628	0.223139	0.615233
BNL010	BA-N	F	3772.0	Czech_EBA_Unetice	232986	0.175456	0.244382	0.580162
CHL001	BA-N	F	3905.0	Czech_EBA_Unetice	719676	0.157062	0.229122	0.613816
CHL002	BA-N	M	4000.0	Czech_EBA_Unetice	414737	0.197422	0.237927	0.564652
CHL003	BA-N	M	3937.0	Czech_EBA_Unetice	599834	0.201215	0.134614	0.664172
CHL005	BA-N	M	4000.0	Czech_EBA_Unetice	191005	0.195277	0.184141	0.620582
CHL006	BA-N	F	3897.0	Czech_EBA_Unetice	414273	0.184017	0.205523	0.610460
CHL007	BA-N	F	4000.0	Czech_EBA_Unetice	189627	0.222906	0.185885	0.591210
CHL008	BA-N	M	3960.0	Czech_EBA_Unetice	374813	0.189396	0.188790	0.621814
I11159	BA-N	F	4100.0	Czech_EBA_Unetice	736416	0.170919	0.154134	0.674947
I13468	BA-N	M	3950.0	Czech_EBA_Unetice	815437	0.207197	0.191791	0.601012
I13469	BA-N	M	3945.0	Czech_EBA_Unetice	804958	0.174583	0.228080	0.597336
I13470	BA-N	F	3943.0	Czech_EBA_Unetice	833069	0.157067	0.237460	0.605473
I13471	BA-N	M	3950.0	Czech_EBA_Unetice	829440	0.182838	0.229261	0.587902
I14185	BA-N	M	3850.0	Czech_EBA_Unetice	744274	0.194789	0.276318	0.528893
I14186	BA-N	F	3850.0	Czech_EBA_Unetice	584426	0.208220	0.225283	0.566497
I14189	BA-N	M	3850.0	Czech_EBA_Unetice	755024	0.187768	0.221615	0.590617
I14191	BA-N	M	3850.0	Czech_EBA_Unetice	706258	0.187121	0.274630	0.538249
I14192	BA-N	M	3850.0	Czech_EBA_Unetice	658820	0.175825	0.350917	0.473258
I14193	BA-N	M	3850.0	Czech_EBA_Unetice	790315	0.232888	0.156395	0.610717
I14585	BA-N	F	3850.0	Czech_EBA_Unetice	740305	0.189664	0.306449	0.503887
I15642	BA-N	F	3950.0	Czech_EBA_Unetice	360161	0.199684	0.288658	0.511658
I15643	BA-N	M	3950.0	Czech_EBA_Unetice	678603	0.203107	0.193690	0.603202
I15644	BA-N	F	3950.0	Czech_EBA_Unetice	724721	0.197982	0.228097	0.573921
I15824	BA-N	F	3900.0	Czech_EBA_Unetice	713672	0.176321	0.256738	0.566941
I15825	BA-N	F	3850.0	Czech_EBA_Unetice	496010	0.213198	0.272304	0.514498
I16109	BA-N	M	3950.0	Czech_EBA_Unetice	585828	0.174571	0.260679	0.564751
I4141	BA-N	M	4250.0	Czech_EBA_Unetice	288211	0.187731	0.242409	0.569861
I7958	BA-N	F	3950.0	Czech_EBA_Unetice	859539	0.203535	0.238589	0.557875
I7959	BA-N	M	3950.0	Czech_EBA_Unetice	847110	0.222714	0.240259	0.537027
I7960	BA-N	M	3950.0	Czech_EBA_Unetice	849182	0.236001	0.251142	0.512856
I7962	BA-N	M	3950.0	Czech_EBA_Unetice	883100	0.194247	0.192858	0.612896
I7963	BA-N	M	3950.0	Czech_EBA_Unetice	865878	0.204015	0.175019	0.620966
I7964	BA-N	F	3950.0	Czech_EBA_Unetice	915183	0.188951	0.223613	0.587436
KNE001	BA-N	F	4017.0	Czech_EBA_Unetice	564851	0.208732	0.252500	0.538768
KNE002	BA-N	F	4043.0	Czech_EBA_Unetice	570459	0.185635	0.213858	0.600507
KNE003	BA-N	F	3971.0	Czech_EBA_Unetice	779195	0.184526	0.251421	0.564053
KNE006	BA-N	F	4065.0	Czech_EBA_Unetice	155120	0.215043	0.164520	0.620436
KNE007	BA-N	F	3977.0	Czech_EBA_Unetice	506679	0.160686	0.286143	0.553171
KO1006	BA-N	F	3868.0	Czech_EBA_Unetice	732202	0.174429	0.229538	0.596034
KO1007	BA-N	M	3737.0	Czech_EBA_Unetice	605231	0.181677	0.211567	0.606757
KO1008	BA-N	M	3805.0	Czech_EBA_Unetice	458056	0.150720	0.285016	0.564265
KO1009	BA-N	F	3894.0	Czech_EBA_Unetice	622477	0.163723	0.350869	0.485408
KO1010	BA-N	F	3906.0	Czech_EBA_Unetice	458154	0.170725	0.228456	0.600819
KO1011	BA-N	F	3993.0	Czech_EBA_Unetice	455607	0.185954	0.176195	0.637851
KO1013	BA-N	F	3914.0	Czech_EBA_Unetice	596740	0.135477	0.228171	0.636353
KO1014	BA-N	M	3915.0	Czech_EBA_Unetice	511751	0.172483	0.204281	0.623237
