{
 "cells": [
  {
   "cell_type": "code",
   "execution_count": 1,
   "id": "73591fdc",
   "metadata": {},
   "outputs": [],
   "source": [
    "%load_ext autoreload\n",
    "%autoreload 2"
   ]
  },
  {
   "cell_type": "code",
   "execution_count": 2,
   "id": "directed-maryland",
   "metadata": {},
   "outputs": [
    {
     "name": "stderr",
     "output_type": "stream",
     "text": [
      "DEBUG:absl:Finished tracing + transforming prim_fun for jit in 0.0002570152282714844 sec\n",
      "DEBUG:absl:Initializing backend 'interpreter'\n",
      "DEBUG:absl:Backend 'interpreter' initialized\n",
      "DEBUG:absl:Initializing backend 'cpu'\n",
      "DEBUG:absl:Backend 'cpu' initialized\n",
      "DEBUG:absl:Initializing backend 'tpu_driver'\n",
      "INFO:absl:Unable to initialize backend 'tpu_driver': NOT_FOUND: Unable to find driver in registry given worker: \n",
      "DEBUG:absl:Initializing backend 'cuda'\n",
      "INFO:absl:Unable to initialize backend 'cuda': module 'jaxlib.xla_extension' has no attribute 'GpuAllocatorConfig'\n",
      "DEBUG:absl:Initializing backend 'rocm'\n",
      "INFO:absl:Unable to initialize backend 'rocm': module 'jaxlib.xla_extension' has no attribute 'GpuAllocatorConfig'\n",
      "DEBUG:absl:Initializing backend 'tpu'\n",
      "INFO:absl:Unable to initialize backend 'tpu': INVALID_ARGUMENT: TpuPlatform is not available.\n",
      "WARNING:absl:No GPU/TPU found, falling back to CPU. (Set TF_CPP_MIN_LOG_LEVEL=0 and rerun for more info.)\n",
      "DEBUG:absl:Finished tracing + transforming <lambda> for jit in 0.0005204677581787109 sec\n",
      "DEBUG:absl:Compiling <lambda> (140020692192048 for args (ShapedArray(float64[101]), ShapedArray(int64[], weak_type=True)).\n",
      "DEBUG:absl:Finished XLA compilation of <lambda> in 0.015496253967285156 sec\n",
      "DEBUG:absl:Finished tracing + transforming true_divide for jit in 0.0004286766052246094 sec\n",
      "DEBUG:absl:Compiling true_divide (140020692200688 for args (ShapedArray(float64[101]), ShapedArray(int64[], weak_type=True)).\n",
      "DEBUG:absl:Finished XLA compilation of true_divide in 0.009044170379638672 sec\n",
      "DEBUG:absl:Finished tracing + transforming prim_fun for jit in 0.00033473968505859375 sec\n",
      "DEBUG:absl:Compiling prim_fun (140020692202528 for args (ShapedArray(float64[], weak_type=True),).\n",
      "DEBUG:absl:Finished XLA compilation of broadcast_in_dim in 0.007308483123779297 sec\n",
      "DEBUG:absl:Finished tracing + transforming true_divide for jit in 0.00038886070251464844 sec\n",
      "DEBUG:absl:Compiling true_divide (140020692201088 for args (ShapedArray(float64[101], weak_type=True), ShapedArray(int64[], weak_type=True)).\n",
      "DEBUG:absl:Finished XLA compilation of true_divide in 0.008843183517456055 sec\n",
      "DEBUG:absl:Finished tracing + transforming isclose for jit in 0.005694150924682617 sec\n",
      "DEBUG:absl:Compiling isclose (140020692201968 for args (ShapedArray(float64[101], weak_type=True), ShapedArray(float64[], weak_type=True)).\n",
      "DEBUG:absl:Finished XLA compilation of isclose in 0.015321016311645508 sec\n",
      "DEBUG:absl:Finished tracing + transforming _where for jit in 0.0010704994201660156 sec\n",
      "DEBUG:absl:Compiling _where (140020692204288 for args (ShapedArray(bool[101]), ShapedArray(float64[], weak_type=True), ShapedArray(float64[101], weak_type=True)).\n",
      "DEBUG:absl:Finished XLA compilation of _where in 0.011596202850341797 sec\n",
      "DEBUG:absl:Finished tracing + transforming <lambda> for jit in 0.00027823448181152344 sec\n",
      "DEBUG:absl:Compiling <lambda> (140020692694288 for args (ShapedArray(float64[101], weak_type=True),).\n",
      "DEBUG:absl:Finished XLA compilation of <lambda> in 0.008659601211547852 sec\n",
      "DEBUG:absl:Finished tracing + transforming <lambda> for jit in 0.00039577484130859375 sec\n",
      "DEBUG:absl:Compiling <lambda> (140020692692928 for args (ShapedArray(int64[], weak_type=True), ShapedArray(float64[101])).\n",
      "DEBUG:absl:Finished XLA compilation of <lambda> in 0.00872039794921875 sec\n",
      "DEBUG:absl:Finished tracing + transforming fn for jit in 0.00041294097900390625 sec\n",
      "DEBUG:absl:Compiling fn (140020692695728 for args (ShapedArray(float64[101]), ShapedArray(int64[], weak_type=True)).\n",
      "DEBUG:absl:Finished XLA compilation of fn in 0.008662939071655273 sec\n",
      "/tmp/ipykernel_2672054/170721024.py:21: DeprecationWarning: `set_matplotlib_formats` is deprecated since IPython 7.23, directly use `matplotlib_inline.backend_inline.set_matplotlib_formats()`\n",
      "  set_matplotlib_formats(\"svg\")\n"
     ]
    },
    {
     "data": {
      "application/javascript": [
       "\n",
       "            setTimeout(function() {\n",
       "                var nbb_cell_id = 2;\n",
       "                var nbb_unformatted_code = \"%load_ext nb_black\\n%matplotlib inline\\nfrom IPython.display import set_matplotlib_formats\\nimport matplotlib.pyplot as plt\\nimport numpy as np\\nimport pandas as pd\\nimport logging\\nimport jax\\nfrom math import log, exp, sqrt\\nfrom concurrent.futures import ThreadPoolExecutor, ProcessPoolExecutor\\n\\n# from estimate import posterior_decoding, sample_paths\\nfrom bmws.sim import sim_admix\\nfrom bmws.plotting import plot_summary, compute_rmse, bias_variance\\nfrom itertools import combinations_with_replacement, product\\n\\nrng = np.random.default_rng()\\n\\nN_SIMULATIONS = 10\\nN_EM_ITERATIONS = 3\\nset_matplotlib_formats(\\\"svg\\\")\";\n",
       "                var nbb_formatted_code = \"%load_ext nb_black\\n%matplotlib inline\\nfrom IPython.display import set_matplotlib_formats\\nimport matplotlib.pyplot as plt\\nimport numpy as np\\nimport pandas as pd\\nimport logging\\nimport jax\\nfrom math import log, exp, sqrt\\nfrom concurrent.futures import ThreadPoolExecutor, ProcessPoolExecutor\\n\\n# from estimate import posterior_decoding, sample_paths\\nfrom bmws.sim import sim_admix\\nfrom bmws.plotting import plot_summary, compute_rmse, bias_variance\\nfrom itertools import combinations_with_replacement, product\\n\\nrng = np.random.default_rng()\\n\\nN_SIMULATIONS = 10\\nN_EM_ITERATIONS = 3\\nset_matplotlib_formats(\\\"svg\\\")\";\n",
       "                var nbb_cells = Jupyter.notebook.get_cells();\n",
       "                for (var i = 0; i < nbb_cells.length; ++i) {\n",
       "                    if (nbb_cells[i].input_prompt_number == nbb_cell_id) {\n",
       "                        if (nbb_cells[i].get_text() == nbb_unformatted_code) {\n",
       "                             nbb_cells[i].set_text(nbb_formatted_code);\n",
       "                        }\n",
       "                        break;\n",
       "                    }\n",
       "                }\n",
       "            }, 500);\n",
       "            "
      ],
      "text/plain": [
       "<IPython.core.display.Javascript object>"
      ]
     },
     "metadata": {},
     "output_type": "display_data"
    }
   ],
   "source": [
    "%load_ext nb_black\n",
    "%matplotlib inline\n",
    "from IPython.display import set_matplotlib_formats\n",
    "import matplotlib.pyplot as plt\n",
    "import numpy as np\n",
    "import pandas as pd\n",
    "import logging\n",
    "import jax\n",
    "from math import log, exp, sqrt\n",
    "from concurrent.futures import ThreadPoolExecutor, ProcessPoolExecutor\n",
    "\n",
    "# from estimate import posterior_decoding, sample_paths\n",
    "from bmws.sim import sim_admix\n",
    "from bmws.plotting import plot_summary, compute_rmse, bias_variance\n",
    "from itertools import combinations_with_replacement, product\n",
    "\n",
    "rng = np.random.default_rng()\n",
    "\n",
    "N_SIMULATIONS = 10\n",
    "N_EM_ITERATIONS = 3\n",
    "set_matplotlib_formats(\"svg\")"
   ]
  },
  {
   "cell_type": "markdown",
   "id": "buried-canyon",
   "metadata": {},
   "source": [
    "## Define standard models for demography and selection "
   ]
  },
  {
   "cell_type": "code",
   "execution_count": 3,
   "id": "assured-semiconductor",
   "metadata": {},
   "outputs": [
    {
     "data": {
      "application/javascript": [
       "\n",
       "            setTimeout(function() {\n",
       "                var nbb_cell_id = 3;\n",
       "                var nbb_unformatted_code = \"T = 7\\ns_mdls = [\\n    {\\\"s\\\": [0.01] * (T - 1), \\\"h\\\": [0.5] * (T - 1), \\\"f0\\\": 0.1},\\n    #    {\\\"s\\\": [0.02] * 50 + [-0.02] * 50, \\\"h\\\": [0.5] * 100, \\\"f0\\\": 0.1},\\n    {\\n        \\\"s\\\": [0.02 * np.cos(np.pi * x / 99) for x in range(T - 1)],\\n        \\\"h\\\": [0.5] * (T - 1),\\n        \\\"f0\\\": 0.1,\\n    },\\n    {\\\"s\\\": (([0.02] * 20 + [-0.02] * 20) * 3)[: T - 1], \\\"h\\\": [0.5] * (T - 1), \\\"f0\\\": 0.5},\\n]\\ns_names = [\\\"const\\\", \\\"switch\\\", \\\"fluc\\\"]\\n\\ngr = exp(log(10) / (T - 1))\\nNe_mdls = [\\n    [10000] * (T - 1),  # constant\\n    [round(10000 * gr ** (10 * int(x / 10))) for x in range(T - 1)],  # exp growth\\n    [10000] * 40 + [1000] * 20 + [10000] * 40,  # bottleneck\\n]\\nNe_names = [\\\"const\\\", \\\"exp\\\", \\\"bottle\\\"]\";\n",
       "                var nbb_formatted_code = \"T = 7\\ns_mdls = [\\n    {\\\"s\\\": [0.01] * (T - 1), \\\"h\\\": [0.5] * (T - 1), \\\"f0\\\": 0.1},\\n    #    {\\\"s\\\": [0.02] * 50 + [-0.02] * 50, \\\"h\\\": [0.5] * 100, \\\"f0\\\": 0.1},\\n    {\\n        \\\"s\\\": [0.02 * np.cos(np.pi * x / 99) for x in range(T - 1)],\\n        \\\"h\\\": [0.5] * (T - 1),\\n        \\\"f0\\\": 0.1,\\n    },\\n    {\\\"s\\\": (([0.02] * 20 + [-0.02] * 20) * 3)[: T - 1], \\\"h\\\": [0.5] * (T - 1), \\\"f0\\\": 0.5},\\n]\\ns_names = [\\\"const\\\", \\\"switch\\\", \\\"fluc\\\"]\\n\\ngr = exp(log(10) / (T - 1))\\nNe_mdls = [\\n    [10000] * (T - 1),  # constant\\n    [round(10000 * gr ** (10 * int(x / 10))) for x in range(T - 1)],  # exp growth\\n    [10000] * 40 + [1000] * 20 + [10000] * 40,  # bottleneck\\n]\\nNe_names = [\\\"const\\\", \\\"exp\\\", \\\"bottle\\\"]\";\n",
       "                var nbb_cells = Jupyter.notebook.get_cells();\n",
       "                for (var i = 0; i < nbb_cells.length; ++i) {\n",
       "                    if (nbb_cells[i].input_prompt_number == nbb_cell_id) {\n",
       "                        if (nbb_cells[i].get_text() == nbb_unformatted_code) {\n",
       "                             nbb_cells[i].set_text(nbb_formatted_code);\n",
       "                        }\n",
       "                        break;\n",
       "                    }\n",
       "                }\n",
       "            }, 500);\n",
       "            "
      ],
      "text/plain": [
       "<IPython.core.display.Javascript object>"
      ]
     },
     "metadata": {},
     "output_type": "display_data"
    }
   ],
   "source": [
    "T = 7\n",
    "s_mdls = [\n",
    "    {\"s\": [0.01] * (T - 1), \"h\": [0.5] * (T - 1), \"f0\": 0.1},\n",
    "    #    {\"s\": [0.02] * 50 + [-0.02] * 50, \"h\": [0.5] * 100, \"f0\": 0.1},\n",
    "    {\n",
    "        \"s\": [0.02 * np.cos(np.pi * x / 99) for x in range(T - 1)],\n",
    "        \"h\": [0.5] * (T - 1),\n",
    "        \"f0\": 0.1,\n",
    "    },\n",
    "    {\"s\": (([0.02] * 20 + [-0.02] * 20) * 3)[: T - 1], \"h\": [0.5] * (T - 1), \"f0\": 0.5},\n",
    "]\n",
    "s_names = [\"const\", \"switch\", \"fluc\"]\n",
    "\n",
    "gr = exp(log(10) / (T - 1))\n",
    "Ne_mdls = [\n",
    "    [10000] * (T - 1),  # constant\n",
    "    [round(10000 * gr ** (10 * int(x / 10))) for x in range(T - 1)],  # exp growth\n",
    "    [10000] * 40 + [1000] * 20 + [10000] * 40,  # bottleneck\n",
    "]\n",
    "Ne_names = [\"const\", \"exp\", \"bottle\"]"
   ]
  },
  {
   "cell_type": "markdown",
   "id": "arbitrary-custody",
   "metadata": {},
   "source": [
    "## Performance under standard models with admixture\n",
    "For each model, we will assume that there are $K=2$ populations, and that the selection model is acting in one of them, whereas in the other model, there is no selection."
   ]
  },
  {
   "cell_type": "code",
   "execution_count": 4,
   "id": "6eb05b9f",
   "metadata": {},
   "outputs": [
    {
     "data": {
      "application/javascript": [
       "\n",
       "            setTimeout(function() {\n",
       "                var nbb_cell_id = 4;\n",
       "                var nbb_unformatted_code = \"# admixture loadings for each indivdual\\nN = 15\\nK = 2\\nthetas = np.random.dirichlet([1, 1.0], size=(T, N))\\nassert thetas.shape == (T, N, K)\\nsamples = np.zeros([T, N], int)\\nsamples[::1] = 1  # sample 100 haploids every 10th generation\";\n",
       "                var nbb_formatted_code = \"# admixture loadings for each indivdual\\nN = 15\\nK = 2\\nthetas = np.random.dirichlet([1, 1.0], size=(T, N))\\nassert thetas.shape == (T, N, K)\\nsamples = np.zeros([T, N], int)\\nsamples[::1] = 1  # sample 100 haploids every 10th generation\";\n",
       "                var nbb_cells = Jupyter.notebook.get_cells();\n",
       "                for (var i = 0; i < nbb_cells.length; ++i) {\n",
       "                    if (nbb_cells[i].input_prompt_number == nbb_cell_id) {\n",
       "                        if (nbb_cells[i].get_text() == nbb_unformatted_code) {\n",
       "                             nbb_cells[i].set_text(nbb_formatted_code);\n",
       "                        }\n",
       "                        break;\n",
       "                    }\n",
       "                }\n",
       "            }, 500);\n",
       "            "
      ],
      "text/plain": [
       "<IPython.core.display.Javascript object>"
      ]
     },
     "metadata": {},
     "output_type": "display_data"
    }
   ],
   "source": [
    "# admixture loadings for each indivdual\n",
    "N = 15\n",
    "K = 2\n",
    "thetas = np.random.dirichlet([1, 1.0], size=(T, N))\n",
    "assert thetas.shape == (T, N, K)\n",
    "samples = np.zeros([T, N], int)\n",
    "samples[::1] = 1  # sample 100 haploids every 10th generation"
   ]
  },
  {
   "cell_type": "markdown",
   "id": "8ff35b85",
   "metadata": {},
   "source": [
    "## Testing one run\n",
    "Set up the model so that the second population evolves neutrally"
   ]
  },
  {
   "cell_type": "code",
   "execution_count": 5,
   "id": "5d9f0dd8",
   "metadata": {},
   "outputs": [
    {
     "data": {
      "application/javascript": [
       "\n",
       "            setTimeout(function() {\n",
       "                var nbb_cell_id = 5;\n",
       "                var nbb_unformatted_code = \"def convert_2pop(mdl):\\n    mdl = dict(mdl)  # constant\\n    for x in \\\"sh\\\":\\n        mdl[x] = np.array([mdl[x], np.zeros_like(mdl[x])]).T\\n    mdl[\\\"f0\\\"] = np.array([mdl[\\\"f0\\\"], mdl[\\\"f0\\\"]])\\n    return mdl\";\n",
       "                var nbb_formatted_code = \"def convert_2pop(mdl):\\n    mdl = dict(mdl)  # constant\\n    for x in \\\"sh\\\":\\n        mdl[x] = np.array([mdl[x], np.zeros_like(mdl[x])]).T\\n    mdl[\\\"f0\\\"] = np.array([mdl[\\\"f0\\\"], mdl[\\\"f0\\\"]])\\n    return mdl\";\n",
       "                var nbb_cells = Jupyter.notebook.get_cells();\n",
       "                for (var i = 0; i < nbb_cells.length; ++i) {\n",
       "                    if (nbb_cells[i].input_prompt_number == nbb_cell_id) {\n",
       "                        if (nbb_cells[i].get_text() == nbb_unformatted_code) {\n",
       "                             nbb_cells[i].set_text(nbb_formatted_code);\n",
       "                        }\n",
       "                        break;\n",
       "                    }\n",
       "                }\n",
       "            }, 500);\n",
       "            "
      ],
      "text/plain": [
       "<IPython.core.display.Javascript object>"
      ]
     },
     "metadata": {},
     "output_type": "display_data"
    }
   ],
   "source": [
    "def convert_2pop(mdl):\n",
    "    mdl = dict(mdl)  # constant\n",
    "    for x in \"sh\":\n",
    "        mdl[x] = np.array([mdl[x], np.zeros_like(mdl[x])]).T\n",
    "    mdl[\"f0\"] = np.array([mdl[\"f0\"], mdl[\"f0\"]])\n",
    "    return mdl"
   ]
  },
  {
   "cell_type": "code",
   "execution_count": 6,
   "id": "f2dac12b",
   "metadata": {
    "scrolled": false
   },
   "outputs": [
    {
     "name": "stderr",
     "output_type": "stream",
     "text": [
      "DEBUG:absl:Finished tracing + transforming prim_fun for jit in 0.0005824565887451172 sec\n",
      "DEBUG:absl:Finished tracing + transforming prim_fun for jit in 0.0006184577941894531 sec\n",
      "DEBUG:absl:Compiling prim_fun (140020692565376 for args (ShapedArray(float64[]),).\n",
      "DEBUG:absl:Finished XLA compilation of broadcast_in_dim in 0.02019524574279785 sec\n",
      "DEBUG:absl:Finished tracing + transforming prim_fun for jit in 0.0006806850433349609 sec\n",
      "DEBUG:absl:Compiling prim_fun (140020692565936 for args (ShapedArray(float64[2,2]),).\n",
      "DEBUG:absl:Finished XLA compilation of reshape in 0.015420675277709961 sec\n",
      "DEBUG:absl:Finished tracing + transforming _eb_loss for jit in 1.3943438529968262 sec\n",
      "DEBUG:absl:Compiling _eb_loss (140020632454624 for args (ShapedArray(float64[2,2]), ShapedArray(float64[6,2]), ShapedArray(float64[7,15,2]), ShapedArray(int64[7,15,2]), ShapedArray(int64[7]), ShapedArray(float64[6,2])).\n",
      "DEBUG:absl:Finished XLA compilation of _eb_loss in 3.3523693084716797 sec\n"
     ]
    },
    {
     "name": "stdout",
     "output_type": "stream",
     "text": [
      "what: f2: fs1/n/d/i/nnz\n",
      "( ( [-inf -inf]\n",
      "    [-inf -inf]\n",
      "    ( [[ 1.  2.  3.  4.  5.  6.  7.  8.  9. 10. 11.]\n",
      " [ 1.  2.  3.  4.  5.  6.  7.  8.  9. 10. 11.]]\n",
      "      [[12. 11. 10.  9.  8.  7.  6.  5.  4.  3.  2.]\n",
      " [12. 11. 10.  9.  8.  7.  6.  5.  4.  3.  2.]]\n",
      "      [[       -inf -1.68639895 -1.79175947 -1.9095425  -2.0430739  -2.19722458\n",
      "  -2.37954613 -2.60268969 -2.89037176 -3.29583687        -inf]\n",
      " [       -inf -1.68639895 -1.79175947 -1.9095425  -2.0430739  -2.19722458\n",
      "  -2.37954613 -2.60268969 -2.89037176 -3.29583687        -inf]] ) )\n",
      "  ( 1 0 )\n",
      "  0\n",
      "  15 )\n",
      "what: f2: fs1/n/d/i/nnz\n",
      "( ( [-inf -inf]\n",
      "    [-inf -inf]\n",
      "    ( [[ 1.  2.  3.  4.  5.  6.  7.  8.  9. 10. 11.]\n",
      " [ 1.  2.  3.  4.  5.  6.  7.  8.  9. 10. 11.]]\n",
      "      [[12. 11. 10.  9.  8.  7.  6.  5.  4.  3.  2.]\n",
      " [12. 11. 10.  9.  8.  7.  6.  5.  4.  3.  2.]]\n",
      "      [[       -inf -1.43950789 -1.62361894 -1.82688839 -2.05390308 -2.31118593\n",
      "  -2.60851206 -2.961626   -3.39873039 -3.97993469        -inf]\n",
      " [       -inf -1.54014981 -1.69375233 -1.86222316 -2.04914941 -2.25970759\n",
      "  -2.50180965 -2.78853592 -3.14411964 -3.62243509        -inf]] ) )\n",
      "  ( 1 0 )\n",
      "  1\n",
      "  15 )\n",
      "what: f2: fs1/n/d/i/nnz\n",
      "( ( [-inf -inf]\n",
      "    [-inf -inf]\n",
      "    ( [[ 2.  3.  4.  5.  6.  7.  8.  9. 10. 11. 12.]\n",
      " [ 2.  3.  4.  5.  6.  7.  8.  9. 10. 11. 12.]]\n",
      "      [[11. 10.  9.  8.  7.  6.  5.  4.  3.  2.  1.]\n",
      " [11. 10.  9.  8.  7.  6.  5.  4.  3.  2.  1.]]\n",
      "      [[       -inf -2.65217067 -2.35816515 -2.18978472 -2.09512329 -2.05220222\n",
      "  -2.05068948 -2.08623369 -2.15856985 -2.27137216        -inf]\n",
      " [       -inf -2.51528303 -2.24478603 -2.10275969 -2.03795339 -2.02929996\n",
      "  -2.06778991 -2.15109759 -2.28228704 -2.47104728        -inf]] ) )\n",
      "  ( 1 1 )\n",
      "  2\n",
      "  15 )\n",
      "what: f2: fs1/n/d/i/nnz\n",
      "( ( [-inf -inf]\n",
      "    [-inf -inf]\n",
      "    ( [[ 1.  2.  3.  4.  5.  6.  7.  8.  9. 10. 11.]\n",
      " [ 1.  2.  3.  4.  5.  6.  7.  8.  9. 10. 11.]]\n",
      "      [[12. 11. 10.  9.  8.  7.  6.  5.  4.  3.  2.]\n",
      " [12. 11. 10.  9.  8.  7.  6.  5.  4.  3.  2.]]\n",
      "      [[       -inf -2.07808265 -1.90546028 -1.8629715  -1.90673839 -2.02124599\n",
      "  -2.20440283 -2.46485522 -2.82624811 -3.34561661        -inf]\n",
      " [       -inf -1.30593156 -1.54220792 -1.80161079 -2.08945977 -2.41327498\n",
      "  -2.78424955 -3.2202604  -3.7529589  -4.44860428        -inf]] ) )\n",
      "  ( 1 0 )\n",
      "  3\n",
      "  15 )\n",
      "what: f2: fs1/n/d/i/nnz\n",
      "( ( [-inf -inf]\n",
      "    [-inf -inf]\n",
      "    ( [[ 1.  2.  3.  4.  5.  6.  7.  8.  9. 10. 11.]\n",
      " [ 1.  2.  3.  4.  5.  6.  7.  8.  9. 10. 11.]]\n",
      "      [[12. 11. 10.  9.  8.  7.  6.  5.  4.  3.  2.]\n",
      " [12. 11. 10.  9.  8.  7.  6.  5.  4.  3.  2.]]\n",
      "      [[       -inf -1.83239216 -1.73042941 -1.76397525 -1.89003729 -2.0942248\n",
      "  -2.37590349 -2.74565584 -3.22977798 -3.88907346        -inf]\n",
      " [       -inf -1.18927677 -1.47995385 -1.79688799 -2.14578121 -2.53461073\n",
      "  -2.97512221 -3.48586913 -4.09934361 -4.88286767        -inf]] ) )\n",
      "  ( 1 0 )\n",
      "  4\n",
      "  15 )\n",
      "what: f2: fs1/n/d/i/nnz\n",
      "( ( [-inf -inf]\n",
      "    [-inf -inf]\n",
      "    ( [[ 1.  2.  3.  4.  5.  6.  7.  8.  9. 10. 11.]\n",
      " [ 1.  2.  3.  4.  5.  6.  7.  8.  9. 10. 11.]]\n",
      "      [[12. 11. 10.  9.  8.  7.  6.  5.  4.  3.  2.]\n",
      " [12. 11. 10.  9.  8.  7.  6.  5.  4.  3.  2.]]\n",
      "      [[       -inf -1.5921262  -1.57081691 -1.69209639 -1.91433603 -2.22494526\n",
      "  -2.62573507 -3.13072895 -3.77128651 -4.61611098        -inf]\n",
      " [       -inf -1.11686051 -1.44617754 -1.8033049  -2.19407473 -2.62661146\n",
      "  -3.11282812 -3.67146965 -4.33524854 -5.17174221        -inf]] ) )\n",
      "  ( 1 0 )\n",
      "  5\n",
      "  15 )\n",
      "what: f2: fs1/n/d/i/nnz\n",
      "( ( [-inf -inf]\n",
      "    [-inf -inf]\n",
      "    ( [[ 1.  2.  3.  4.  5.  6.  7.  8.  9. 10. 11.]\n",
      " [ 1.  2.  3.  4.  5.  6.  7.  8.  9. 10. 11.]]\n",
      "      [[12. 11. 10.  9.  8.  7.  6.  5.  4.  3.  2.]\n",
      " [12. 11. 10.  9.  8.  7.  6.  5.  4.  3.  2.]]\n",
      "      [[       -inf -1.4864328  -1.5094143  -1.67703753 -1.94787347 -2.30956177\n",
      "  -2.76418083 -3.32606721 -4.02695034 -4.9359745         -inf]\n",
      " [       -inf -0.98830701 -1.39119478 -1.82773843 -2.30477985 -2.83173971\n",
      "  -3.4222338  -4.09730615 -4.89288055 -5.88121506        -inf]] ) )\n",
      "  ( 1 0 )\n",
      "  6\n",
      "  15 )\n",
      "what: f2: fs1/n/d/i/nnz\n",
      "( ( [-inf -inf]\n",
      "    [-inf -inf]\n",
      "    ( [[ 2.  3.  4.  5.  6.  7.  8.  9. 10. 11. 12.]\n",
      " [ 2.  3.  4.  5.  6.  7.  8.  9. 10. 11. 12.]]\n",
      "      [[11. 10.  9.  8.  7.  6.  5.  4.  3.  2.  1.]\n",
      " [11. 10.  9.  8.  7.  6.  5.  4.  3.  2.  1.]]\n",
      "      [[       -inf -2.37162933 -1.95787171 -1.80004749 -1.80119026 -1.92168099\n",
      "  -2.14514491 -2.46808513 -2.89696477 -3.44922099        -inf]\n",
      " [       -inf -1.74622289 -1.67982019 -1.75423412 -1.91989932 -2.15783543\n",
      "  -2.46166975 -2.83249159 -3.27792642 -3.81400195        -inf]] ) )\n",
      "  ( 1 1 )\n",
      "  7\n",
      "  15 )\n",
      "what: f2: fs1/n/d/i/nnz\n",
      "( ( [-inf -inf]\n",
      "    [-inf -inf]\n",
      "    ( [[ 1.  2.  3.  4.  5.  6.  7.  8.  9. 10. 11.]\n",
      " [ 1.  2.  3.  4.  5.  6.  7.  8.  9. 10. 11.]]\n",
      "      [[12. 11. 10.  9.  8.  7.  6.  5.  4.  3.  2.]\n",
      " [12. 11. 10.  9.  8.  7.  6.  5.  4.  3.  2.]]\n",
      "      [[       -inf -1.57121997 -1.5246182  -1.64666109 -1.89291    -2.24951179\n",
      "  -2.71824681 -3.31428774 -4.0715074  -5.06298886        -inf]\n",
      " [       -inf -1.13910007 -1.42066273 -1.7605276  -2.16007145 -2.62512669\n",
      "  -3.16686821 -3.80464931 -4.57322398 -5.54406483        -inf]] ) )\n",
      "  ( 1 0 )\n",
      "  8\n",
      "  15 )\n",
      "what: f2: fs1/n/d/i/nnz\n",
      "( ( [-inf -inf]\n",
      "    [-inf -inf]\n",
      "    ( [[ 1.  2.  3.  4.  5.  6.  7.  8.  9. 10. 11.]\n",
      " [ 1.  2.  3.  4.  5.  6.  7.  8.  9. 10. 11.]]\n",
      "      [[12. 11. 10.  9.  8.  7.  6.  5.  4.  3.  2.]\n",
      " [12. 11. 10.  9.  8.  7.  6.  5.  4.  3.  2.]]\n",
      "      [[       -inf -1.51925347 -1.49599363 -1.64193635 -1.9126703  -2.29437172\n",
      "  -2.78885263 -3.41131985 -4.19568315 -5.21506564        -inf]\n",
      " [       -inf -0.98488844 -1.35596806 -1.79415812 -2.30275988 -2.89023921\n",
      "  -3.57151103 -4.37149773 -5.33378097 -6.54509277        -inf]] ) )\n",
      "  ( 1 0 )\n",
      "  9\n",
      "  15 )\n",
      "what: f2: fs1/n/d/i/nnz\n",
      "( ( [-inf -inf]\n",
      "    [-inf -inf]\n",
      "    ( [[ 1.  2.  3.  4.  5.  6.  7.  8.  9. 10. 11.]\n",
      " [ 1.  2.  3.  4.  5.  6.  7.  8.  9. 10. 11.]]\n",
      "      [[12. 11. 10.  9.  8.  7.  6.  5.  4.  3.  2.]\n",
      " [12. 11. 10.  9.  8.  7.  6.  5.  4.  3.  2.]]\n",
      "      [[       -inf -1.51442148 -1.49344667 -1.64167967 -1.91470915 -2.29871139\n",
      "  -2.79549841 -3.42027708 -4.20695719 -5.22866187        -inf]\n",
      " [       -inf -0.83927691 -1.31418145 -1.86823837 -2.50791326 -3.24627495\n",
      "  -4.10531054 -5.12164284 -6.36037993 -7.95507166        -inf]] ) )\n",
      "  ( 1 0 )\n",
      "  10\n",
      "  15 )\n",
      "what: f2: fs1/n/d/i/nnz\n",
      "( ( [-inf -inf]\n",
      "    [-inf -inf]\n",
      "    ( [[ 1.  2.  3.  4.  5.  6.  7.  8.  9. 10. 11.]\n",
      " [ 1.  2.  3.  4.  5.  6.  7.  8.  9. 10. 11.]]\n",
      "      [[12. 11. 10.  9.  8.  7.  6.  5.  4.  3.  2.]\n",
      " [12. 11. 10.  9.  8.  7.  6.  5.  4.  3.  2.]]\n",
      "      [[       -inf -1.43920306 -1.45326752 -1.63781225 -1.94852186 -2.37167979\n",
      "  -2.90921838 -3.57648012 -4.40752849 -5.47566173        -inf]\n",
      " [       -inf -0.75210993 -1.30515186 -1.94397307 -2.67626828 -3.51671268\n",
      "  -4.4894491  -5.63408861 -7.020053   -8.78745337        -inf]] ) )\n",
      "  ( 1 0 )\n",
      "  11\n",
      "  15 )\n",
      "what: f2: fs1/n/d/i/nnz\n",
      "( ( [-inf -inf]\n",
      "    [-inf -inf]\n",
      "    ( [[ 1.  2.  3.  4.  5.  6.  7.  8.  9. 10. 11.]\n",
      " [ 1.  2.  3.  4.  5.  6.  7.  8.  9. 10. 11.]]\n",
      "      [[12. 11. 10.  9.  8.  7.  6.  5.  4.  3.  2.]\n",
      " [12. 11. 10.  9.  8.  7.  6.  5.  4.  3.  2.]]\n",
      "      [[       -inf -1.25875609 -1.3597696  -1.63954974 -2.05552847 -2.5963552\n",
      "  -3.26727834 -4.088495   -5.10159092 -6.39245687        -inf]\n",
      " [       -inf -0.72922276 -1.30592487 -1.96897967 -2.72611035 -3.59202276\n",
      "  -4.5908928  -5.76236727 -7.17590662 -8.97166396        -inf]] ) )\n",
      "  ( 1 0 )\n",
      "  12\n",
      "  15 )\n",
      "what: f2: fs1/n/d/i/nnz\n",
      "( ( [-inf -inf]\n",
      "    [-inf -inf]\n",
      "    ( [[ 2.  3.  4.  5.  6.  7.  8.  9. 10. 11. 12.]\n",
      " [ 2.  3.  4.  5.  6.  7.  8.  9. 10. 11. 12.]]\n",
      "      [[11. 10.  9.  8.  7.  6.  5.  4.  3.  2.  1.]\n",
      " [11. 10.  9.  8.  7.  6.  5.  4.  3.  2.  1.]]\n",
      "      [[       -inf -2.13239086 -1.74919839 -1.65086109 -1.73828153 -1.97156615\n",
      "  -2.33580913 -2.8310578  -3.47036846 -4.28312515        -inf]\n",
      " [       -inf -1.15268378 -1.30198354 -1.65059462 -2.15119387 -2.79193388\n",
      "  -3.57958882 -4.5376121  -5.71290808 -7.1987527         -inf]] ) )\n",
      "  ( 1 1 )\n",
      "  13\n",
      "  15 )\n",
      "what: f2: fs1/n/d/i/nnz\n",
      "( ( [-inf -inf]\n",
      "    [-inf -inf]\n",
      "    ( [[ 1.  2.  3.  4.  5.  6.  7.  8.  9. 10. 11.]\n",
      " [ 1.  2.  3.  4.  5.  6.  7.  8.  9. 10. 11.]]\n",
      "      [[12. 11. 10.  9.  8.  7.  6.  5.  4.  3.  2.]\n",
      " [12. 11. 10.  9.  8.  7.  6.  5.  4.  3.  2.]]\n",
      "      [[       -inf -1.79145033 -1.52212775 -1.54585548 -1.76938533 -2.15854301\n",
      "  -2.70633963 -3.42565693 -4.35336974 -5.57216799        -inf]\n",
      " [       -inf -0.65515191 -1.31095215 -2.06072182 -2.91370796 -3.88665046\n",
      "  -5.00652604 -6.31699067 -7.89353601 -9.88600821        -inf]] ) )\n",
      "  ( 1 0 )\n",
      "  14\n",
      "  15 )\n",
      "what: f2: fs1/n/d/i/nnz\n",
      "( ( [-inf -inf]\n",
      "    [-inf -inf]\n",
      "    ( [[ 0.99870156  1.99740312  2.99610467  3.99480623  4.99350779  5.99220935\n",
      "   6.99091091  7.98961247  8.98831402  9.98701558 10.98571714]\n",
      " [ 0.99870156  1.99740312  2.99610467  3.99480623  4.99350779  5.99220935\n",
      "   6.99091091  7.98961247  8.98831402  9.98701558 10.98571714]]\n",
      "      [[11.98571714 10.98701558  9.98831402  8.98961247  7.99091091  6.99220935\n",
      "   5.99350779  4.99480623  3.99610467  2.99740312  1.99870156]\n",
      " [11.98571714 10.98701558  9.98831402  8.98961247  7.99091091  6.99220935\n",
      "   5.99350779  4.99480623  3.99610467  2.99740312  1.99870156]]\n",
      "      [[       -inf -1.55019926 -1.38019018 -1.51419324 -1.86168382 -2.39237214\n",
      "  -3.10508561 -4.02199452 -5.1962023  -6.74285583        -inf]\n",
      " [       -inf -0.64846235 -1.31246187 -2.07049861 -2.93182073 -3.91316929\n",
      "  -5.04152219 -6.36053662 -7.94570549 -9.94687622        -inf]] ) )\n",
      "  ( 1 0 )\n",
      "  0\n",
      "  15 )\n",
      "what: f2: fs1/n/d/i/nnz\n",
      "( ( [-inf -inf]\n",
      "    [-inf -inf]\n",
      "    ( [[ 0.99870156  1.99740312  2.99610467  3.99480623  4.99350779  5.99220935\n",
      "   6.99091091  7.98961247  8.98831402  9.98701558 10.98571714]\n",
      " [ 0.99870156  1.99740312  2.99610467  3.99480623  4.99350779  5.99220935\n",
      "   6.99091091  7.98961247  8.98831402  9.98701558 10.98571714]]\n",
      "      [[11.98571714 10.98701558  9.98831402  8.98961247  7.99091091  6.99220935\n",
      "   5.99350779  4.99480623  3.99610467  2.99740312  1.99870156]\n",
      " [11.98571714 10.98701558  9.98831402  8.98961247  7.99091091  6.99220935\n",
      "   5.99350779  4.99480623  3.99610467  2.99740312  1.99870156]]\n",
      "      [[        -inf  -1.37031807  -1.29078365  -1.52426871  -1.98224244\n",
      "   -2.63715422  -3.49174105  -4.57403263  -5.94650175  -7.74069528\n",
      "          -inf]\n",
      " [        -inf  -0.63355207  -1.31606645  -2.09296732  -2.97351628\n",
      "   -3.97446861  -5.12281728  -6.46223549  -8.06823314 -10.09067574\n",
      "          -inf]] ) )\n",
      "  ( 1 0 )\n",
      "  1\n",
      "  15 )\n",
      "what: f2: fs1/n/d/i/nnz\n",
      "( ( [-inf -inf]\n",
      "    [-inf -inf]\n",
      "    ( [[ 0.99870156  1.99740312  2.99610467  3.99480623  4.99350779  5.99220935\n",
      "   6.99091091  7.98961247  8.98831402  9.98701558 10.98571714]\n",
      " [ 0.99870156  1.99740312  2.99610467  3.99480623  4.99350779  5.99220935\n",
      "   6.99091091  7.98961247  8.98831402  9.98701558 10.98571714]]\n",
      "      [[11.98571714 10.98701558  9.98831402  8.98961247  7.99091091  6.99220935\n",
      "   5.99350779  4.99480623  3.99610467  2.99740312  1.99870156]\n",
      " [11.98571714 10.98701558  9.98831402  8.98961247  7.99091091  6.99220935\n",
      "   5.99350779  4.99480623  3.99610467  2.99740312  1.99870156]]\n",
      "      [[        -inf  -1.22019837  -1.22914915  -1.55971586  -2.12521951\n",
      "   -2.90063271  -3.8922569   -5.13339298  -6.69479224  -8.72212482\n",
      "          -inf]\n",
      " [        -inf  -0.61778972  -1.32042606  -2.1178621   -3.0193768\n",
      "   -4.04174385  -5.21197589  -6.57376709  -8.20264975 -10.24851337\n",
      "          -inf]] ) )\n",
      "  ( 1 0 )\n",
      "  2\n",
      "  15 )\n",
      "what: f2: fs1/n/d/i/nnz\n",
      "( ( [-inf -inf]\n",
      "    [-inf -inf]\n",
      "    ( [[ 1.99870156  2.99740312  3.99610467  4.99480623  5.99350779  6.99220935\n",
      "   7.99091091  8.98961247  9.98831402 10.98701558 11.98571714]\n",
      " [ 1.99870156  2.99740312  3.99610467  4.99480623  5.99350779  6.99220935\n",
      "   7.99091091  8.98961247  9.98831402 10.98701558 11.98571714]]\n",
      "      [[10.98571714  9.98701558  8.98831402  7.98961247  6.99091091  5.99220935\n",
      "   4.99350779  3.99480623  2.99610467  1.99740312  0.99870156]\n",
      " [10.98571714  9.98701558  8.98831402  7.98961247  6.99091091  5.99220935\n",
      "   4.99350779  3.99480623  2.99610467  1.99740312  0.99870156]]\n",
      "      [[       -inf -1.83871254 -1.41306911 -1.42069648 -1.71947906 -2.25727266\n",
      "  -3.02213192 -4.02983628 -5.32636616 -7.00652122        -inf]\n",
      " [       -inf -1.04421379 -1.26904061 -1.69515504 -2.27534541 -2.99788643\n",
      "  -3.86968665 -4.91434781 -6.17893869 -7.75691832        -inf]] ) )\n",
      "  ( 1 1 )\n",
      "  3\n",
      "  15 )\n",
      "what: f2: fs1/n/d/i/nnz\n",
      "( ( [-inf -inf]\n",
      "    [-inf -inf]\n",
      "    ( [[ 0.99870156  1.99740312  2.99610467  3.99480623  4.99350779  5.99220935\n",
      "   6.99091091  7.98961247  8.98831402  9.98701558 10.98571714]\n",
      " [ 0.99870156  1.99740312  2.99610467  3.99480623  4.99350779  5.99220935\n",
      "   6.99091091  7.98961247  8.98831402  9.98701558 10.98571714]]\n",
      "      [[11.98571714 10.98701558  9.98831402  8.98961247  7.99091091  6.99220935\n",
      "   5.99350779  4.99480623  3.99610467  2.99740312  1.99870156]\n",
      " [11.98571714 10.98701558  9.98831402  8.98961247  7.99091091  6.99220935\n",
      "   5.99350779  4.99480623  3.99610467  2.99740312  1.99870156]]\n",
      "      [[       -inf -1.28695041 -1.23118577 -1.52076542 -2.06630212 -2.84154202\n",
      "  -3.85277618 -5.13450901 -6.7601696  -8.88023185        -inf]\n",
      " [       -inf -0.75243726 -1.27413552 -1.929567   -2.71671472 -3.64553435\n",
      "  -4.73862754 -6.03669103 -7.61314837 -9.61637076        -inf]] ) )\n",
      "  ( 1 0 )\n",
      "  4\n",
      "  15 )\n",
      "what: f2: fs1/n/d/i/nnz\n",
      "( ( [-inf -inf]\n",
      "    [-inf -inf]\n",
      "    ( [[ 0.99870156  1.99740312  2.99610467  3.99480623  4.99350779  5.99220935\n",
      "   6.99091091  7.98961247  8.98831402  9.98701558 10.98571714]\n",
      " [ 0.99870156  1.99740312  2.99610467  3.99480623  4.99350779  5.99220935\n",
      "   6.99091091  7.98961247  8.98831402  9.98701558 10.98571714]]\n",
      "      [[11.98571714 10.98701558  9.98831402  8.98961247  7.99091091  6.99220935\n",
      "   5.99350779  4.99480623  3.99610467  2.99740312  1.99870156]\n",
      " [11.98571714 10.98701558  9.98831402  8.98961247  7.99091091  6.99220935\n",
      "   5.99350779  4.99480623  3.99610467  2.99740312  1.99870156]]\n",
      "      [[        -inf  -1.22140616  -1.2090638   -1.54403715  -2.13712653\n",
      "   -2.96229377  -4.0260796   -5.3632797   -7.0476658   -9.23011859\n",
      "          -inf]\n",
      " [        -inf  -0.68982417  -1.27864652  -2.00603402  -2.87071968\n",
      "   -3.88359856  -5.06847085  -6.46759595  -8.15648856 -10.28640841\n",
      "          -inf]] ) )\n",
      "  ( 1 0 )\n",
      "  5\n",
      "  15 )\n",
      "what: f2: fs1/n/d/i/nnz\n",
      "( ( [-inf -inf]\n",
      "    [-inf -inf]\n",
      "    ( [[ 0.99870156  1.99740312  2.99610467  3.99480623  4.99350779  5.99220935\n",
      "   6.99091091  7.98961247  8.98831402  9.98701558 10.98571714]\n",
      " [ 0.99870156  1.99740312  2.99610467  3.99480623  4.99350779  5.99220935\n",
      "   6.99091091  7.98961247  8.98831402  9.98701558 10.98571714]]\n",
      "      [[11.98571714 10.98701558  9.98831402  8.98961247  7.99091091  6.99220935\n",
      "   5.99350779  4.99480623  3.99610467  2.99740312  1.99870156]\n",
      " [11.98571714 10.98701558  9.98831402  8.98961247  7.99091091  6.99220935\n",
      "   5.99350779  4.99480623  3.99610467  2.99740312  1.99870156]]\n",
      "      [[        -inf  -1.09211475  -1.16968114  -1.60345266  -2.30618222\n",
      "   -3.25450797  -4.45877926  -5.95947799  -7.83942134 -10.2652056\n",
      "          -inf]\n",
      " [        -inf  -0.67466598  -1.28149954  -2.0272286   -2.91059852\n",
      "   -3.94251744  -5.14679933  -6.56571824  -8.27480437 -10.42533394\n",
      "          -inf]] ) )\n",
      "  ( 1 0 )\n",
      "  6\n",
      "  15 )\n",
      "what: f2: fs1/n/d/i/nnz\n",
      "( ( [-inf -inf]\n",
      "    [-inf -inf]\n",
      "    ( [[ 0.99870156  1.99740312  2.99610467  3.99480623  4.99350779  5.99220935\n",
      "   6.99091091  7.98961247  8.98831402  9.98701558 10.98571714]\n",
      " [ 0.99870156  1.99740312  2.99610467  3.99480623  4.99350779  5.99220935\n",
      "   6.99091091  7.98961247  8.98831402  9.98701558 10.98571714]]\n",
      "      [[11.98571714 10.98701558  9.98831402  8.98961247  7.99091091  6.99220935\n",
      "   5.99350779  4.99480623  3.99610467  2.99740312  1.99870156]\n",
      " [11.98571714 10.98701558  9.98831402  8.98961247  7.99091091  6.99220935\n",
      "   5.99350779  4.99480623  3.99610467  2.99740312  1.99870156]]\n",
      "      [[        -inf  -0.96532057  -1.14363121  -1.68944522  -2.51837359\n",
      "   -3.61115612  -4.98433345  -6.68838402  -8.8238696  -11.59378147\n",
      "          -inf]\n",
      " [        -inf  -0.670274    -1.28245637  -2.03356301  -2.92233959\n",
      "   -3.95969455  -5.16944219  -6.5938569   -8.30846919 -10.46455563\n",
      "          -inf]] ) )\n",
      "  ( 1 0 )\n",
      "  7\n",
      "  15 )\n",
      "what: f2: fs1/n/d/i/nnz\n",
      "( ( [-inf -inf]\n",
      "    [-inf -inf]\n",
      "    ( [[ 0.99870156  1.99740312  2.99610467  3.99480623  4.99350779  5.99220935\n",
      "   6.99091091  7.98961247  8.98831402  9.98701558 10.98571714]\n",
      " [ 0.99870156  1.99740312  2.99610467  3.99480623  4.99350779  5.99220935\n",
      "   6.99091091  7.98961247  8.98831402  9.98701558 10.98571714]]\n",
      "      [[11.98571714 10.98701558  9.98831402  8.98961247  7.99091091  6.99220935\n",
      "   5.99350779  4.99480623  3.99610467  2.99740312  1.99870156]\n",
      " [11.98571714 10.98701558  9.98831402  8.98961247  7.99091091  6.99220935\n",
      "   5.99350779  4.99480623  3.99610467  2.99740312  1.99870156]]\n",
      "      [[        -inf  -0.91824053  -1.14004391  -1.73132864  -2.6078942\n",
      "   -3.75069724  -5.17652949  -6.93616237  -9.13050241 -11.96295041\n",
      "          -inf]\n",
      " [        -inf  -0.61746265  -1.29481017  -2.11562631  -3.07933838\n",
      "   -4.19770236  -5.49560458  -7.01670304  -8.83835722 -11.1143324\n",
      "          -inf]] ) )\n",
      "  ( 1 0 )\n",
      "  8\n",
      "  15 )\n",
      "what: f2: fs1/n/d/i/nnz\n",
      "( ( [-inf -inf]\n",
      "    [-inf -inf]\n",
      "    ( [[ 0.99870156  1.99740312  2.99610467  3.99480623  4.99350779  5.99220935\n",
      "   6.99091091  7.98961247  8.98831402  9.98701558 10.98571714]\n",
      " [ 0.99870156  1.99740312  2.99610467  3.99480623  4.99350779  5.99220935\n",
      "   6.99091091  7.98961247  8.98831402  9.98701558 10.98571714]]\n",
      "      [[11.98571714 10.98701558  9.98831402  8.98961247  7.99091091  6.99220935\n",
      "   5.99350779  4.99480623  3.99610467  2.99740312  1.99870156]\n",
      " [11.98571714 10.98701558  9.98831402  8.98961247  7.99091091  6.99220935\n",
      "   5.99350779  4.99480623  3.99610467  2.99740312  1.99870156]]\n",
      "      [[        -inf  -0.82212015  -1.13769587  -1.83246474  -2.82447282\n",
      "   -4.09780604  -5.67380132  -7.61019962 -10.01940646 -13.12589239\n",
      "          -inf]\n",
      " [        -inf  -0.60800313  -1.29815177  -2.13193503  -3.10878458\n",
      "   -4.24046093  -5.55185513  -7.0866301   -8.92215044 -11.21218675\n",
      "          -inf]] ) )\n",
      "  ( 1 0 )\n",
      "  9\n",
      "  15 )\n",
      "what: f2: fs1/n/d/i/nnz\n",
      "( ( [-inf -inf]\n",
      "    [-inf -inf]\n",
